36 50 3 7
35 51 3 8
77 83 3 3
78 88 3 5
78 93 4 5
78 92 3 7
196 199 4 1
185 195 3 5
196 202 3 3
204 206 3 1
211 213 3 1
209 213 5 1
190 206 3 8
209 213 3 2
205 213 3 4
189 209 3 10
217 219 3 1
209 217 3 4
197 213 3 8
205 217 3 6
202 218 3 8
212 222 3 5
213 223 3 5
211 225 3 7
230 232 3 1
212 226 3 7
210 230 3 10
239 241 3 1
202 232 4 10
234 240 3 3
223 237 3 7
226 240 3 7
232 246 3 7
252 254 3 1
231 247 3 8
254 262 3 4
267 269 3 1
266 269 4 1
266 272 3 3
273 275 3 1
274 276 3 1
265 273 3 4
272 276 3 2
268 276 3 4
278 280 3 1
273 279 3 3
252 272 3 10
280 282 3 1
262 276 3 7
281 283 3 1
278 282 3 2
269 279 3 5
279 283 3 2
273 282 4 3
274 282 3 4
268 280 3 6
273 283 3 5
267 281 3 7
268 282 3 7
259 279 3 10
287 289 3 1
269 283 3 7
287 290 4 1
279 287 3 4
267 283 3 8
269 287 4 6
287 293 3 3
294 296 3 1
294 297 4 1
293 297 5 1
290 296 3 3
287 296 4 3
269 293 5 6
282 294 3 6
289 297 3 4
280 294 3 7
253 295 7 7
294 300 3 3
268 296 5 7
279 295 3 8
280 296 3 8
302 304 3 1
281 297 3 8
297 303 3 3
294 303 4 3
290 302 3 6
301 307 3 3
289 303 3 7
307 310 4 1
309 311 3 1
307 311 3 2
295 307 3 6
303 311 3 4
297 309 3 6
294 308 3 7
314 316 3 1
303 315 4 4
314 318 3 2
302 316 3 7
303 317 3 7
322 324 3 1
321 324 4 1
300 318 3 9
301 322 4 7
328 330 3 1
329 331 3 1
311 325 3 7
330 332 3 1
329 332 4 1
318 328 3 5
309 325 3 8
328 332 3 2
322 331 4 3
307 325 3 9
314 328 3 7
329 335 3 3
317 331 3 7
314 330 3 8
336 338 3 1
335 338 4 1
318 332 3 7
328 336 3 4
325 335 3 5
332 338 3 3
329 338 4 3
311 335 5 6
311 331 3 10
321 335 3 7
307 335 5 7
325 337 3 6
323 337 3 7
324 338 3 7
321 337 3 8
322 338 3 8
332 342 3 5
342 346 3 2
330 342 3 6
308 338 4 10
331 343 3 6
328 342 3 7
332 344 3 6
329 343 3 7
322 343 4 7
343 349 3 3
331 345 3 7
328 344 3 8
322 342 3 10
329 345 3 8
342 350 3 4
330 346 3 8
346 352 3 3
343 352 4 3
328 346 3 9
325 345 3 10
350 356 3 3
357 359 3 1
358 360 3 1
344 356 3 6
335 353 3 9
345 359 3 7
336 356 3 10
352 364 3 6
346 364 4 6
349 363 3 7
353 365 3 6
372 374 3 1
371 374 4 1
345 365 3 10
352 370 4 6
346 370 5 6
377 379 3 1
371 377 3 3
378 380 3 1
379 381 3 1
378 381 4 1
377 381 5 1
356 374 3 9
383 385 3 1
371 381 3 5
384 386 3 1
363 379 3 8
385 387 3 1
386 388 3 1
384 388 5 1
383 387 3 2
377 385 3 4
384 388 3 2
381 387 3 3
378 387 4 3
372 384 3 6
366 384 4 6
360 380 3 10
370 384 3 7
386 390 3 2
380 388 3 4
384 390 3 3
391 393 3 1
385 391 3 3
373 387 3 7
370 386 3 8
391 394 4 1
384 392 3 4
380 392 4 4
381 391 3 5
388 394 3 3
379 391 3 6
370 388 3 9
380 392 3 6
374 392 4 6
377 391 3 7
381 393 3 6
378 392 3 7
398 400 3 1
399 401 3 1
398 401 4 1
390 398 3 4
398 402 5 1
388 398 3 5
384 398 3 7
394 402 3 4
405 407 3 1
378 398 3 10
406 408 3 1
407 409 3 1
406 409 4 1
405 409 3 2
394 406 3 6
401 409 3 4
392 406 3 7
378 406 5 7
412 414 3 1
406 412 3 3
394 408 3 7
413 415 3 1
412 415 4 1
392 408 3 8
414 416 3 1
412 416 5 1
393 409 3 8
412 416 3 2
409 415 3 3
406 415 4 3
400 412 3 6
394 412 4 6
391 409 3 9
388 408 3 10
401 413 3 6
408 416 3 4
402 414 3 6
399 413 3 7
409 417 3 4
400 414 3 7
393 414 4 7
419 421 3 1
413 419 3 3
407 417 3 5
398 414 3 8
420 422 3 1
419 422 4 1
391 415 4 8
421 423 3 1
420 423 4 1
408 420 4 4
409 419 3 5
406 418 3 6
400 416 3 8
384 416 5 8
419 423 3 2
416 422 3 3
413 422 4 3
407 419 3 6
393 417 4 8
398 416 3 9
405 419 3 7
406 420 3 7
422 426 3 2
420 426 4 2
408 423 4 5
426 428 3 1
420 426 3 3
414 424 3 5
408 422 3 7
427 429 3 1
426 429 4 1
409 423 3 7
406 422 3 8
428 430 3 1
427 430 4 1
426 430 5 1
419 427 3 4
415 427 4 4
416 426 3 5
407 423 3 8
429 431 3 1
426 431 6 1
426 430 3 2
422 430 5 2
423 429 3 3
420 429 4 3
414 426 3 6
408 426 4 6
402 426 5 6
402 422 3 10
421 429 3 4
415 427 3 6
412 426 3 7
422 430 3 4
413 427 3 7
406 427 4 7
392 427 6 7
429 433 3 2
427 433 4 2
433 435 3 1
427 433 3 3
424 433 4 3
415 429 3 7
408 429 4 7
412 428 3 8
406 426 3 10
433 436 4 1
429 435 4 2
428 434 3 3
425 433 3 4
413 433 6 4
416 430 3 7
413 429 3 8
435 437 3 1
433 437 5 1
426 434 3 4
422 434 4 4
423 433 3 5
414 430 3 8
406 430 4 8
433 437 3 2
430 436 3 3
427 436 4 3
424 434 3 5
421 433 3 6
409 433 5 6
412 430 3 9
409 429 3 10
399 429 4 10
422 434 3 6
416 434 4 6
419 433 3 7
412 433 4 7
413 431 3 9
433 439 4 2
429 437 3 4
423 435 3 6
420 434 3 7
406 434 5 7
421 435 3 7
414 435 4 7
407 435 5 7
400 435 6 7
440 442 3 1
434 440 3 3
422 436 3 7
408 436 5 7
419 435 3 8
416 434 3 9
413 433 3 10
441 443 3 1
440 443 4 1
429 439 3 5
423 437 3 7
420 436 3 8
412 436 4 8
414 434 3 10
442 444 3 1
441 444 4 1
427 442 6 3
433 441 3 4
429 441 4 4
430 440 3 5
421 437 3 8
413 437 4 8
418 436 3 9
440 444 3 2
437 443 3 3
434 443 4 3
428 440 3 6
422 440 4 6
419 437 3 9
406 436 4 10
429 441 3 6
426 440 3 7
419 440 4 7
407 437 4 10
444 447 4 1
436 444 3 4
430 442 3 6
427 441 3 7
420 441 4 7
437 445 3 4
428 442 3 7
421 442 4 7
414 442 5 7
447 449 3 1
446 449 4 1
441 447 3 3
429 443 3 7
422 443 4 7
408 443 6 7
426 442 3 8
420 440 3 10
448 450 3 1
435 447 4 4
430 444 3 7
427 443 3 8
424 442 3 9
449 451 3 1
448 451 4 1
447 451 5 1
440 448 3 4
436 448 4 4
437 447 3 5
428 444 3 8
420 444 4 8
412 444 5 8
447 451 3 2
445 451 4 2
444 450 3 3
441 450 4 3
435 447 3 6
429 447 4 6
426 444 3 9
413 443 4 10
445 451 3 3
436 448 3 6
430 448 4 6
433 447 3 7
426 447 4 7
419 447 5 7
412 447 6 7
443 451 3 4
437 449 3 6
434 448 3 7
427 448 4 7
435 449 3 7
428 449 4 7
421 449 5 7
407 449 7 7
454 456 3 1
436 450 3 7
429 450 4 7
401 450 8 7
433 449 3 8
427 447 3 10
455 457 3 1
454 457 4 1
453 457 5 1
437 451 3 7
430 451 4 7
423 451 5 7
434 450 3 8
426 450 4 8
456 458 3 1
455 458 4 1
443 455 4 4
444 454 3 5
435 451 3 8
419 451 5 8
454 458 3 2
451 457 3 3
448 457 4 3
442 454 3 6
439 453 3 7
433 451 3 9
424 451 4 9
430 450 3 10
420 450 4 10
443 455 3 6
437 455 4 6
444 456 3 6
441 455 3 7
460 462 3 1
445 457 3 6
442 456 3 7
435 456 4 7
400 456 9 7
461 463 3 1
455 461 3 3
443 457 3 7
440 456 3 8
434 454 3 10
462 464 3 1
461 464 4 1
444 458 3 7
437 458 4 7
430 458 5 7
441 457 3 8
433 457 4 8
463 465 3 1
462 465 4 1
461 465 5 1
460 464 3 2
451 461 3 5
446 461 4 5
442 458 3 8
434 458 4 8
426 458 5 8
439 457 3 9
461 465 3 2
458 464 3 3
455 464 4 3
449 461 3 6
443 461 4 6
437 461 5 6
440 458 3 9
437 457 3 10
427 457 4 10
450 462 3 6
444 462 4 6
457 465 3 4
451 463 3 6
445 463 4 6
448 462 3 7
467 469 3 1
449 463 3 7
468 470 3 1
462 468 3 3
450 464 3 7
447 463 3 8
441 461 3 10
469 471 3 1
468 471 4 1
467 471 5 1
457 467 3 5
451 465 3 7
444 465 4 7
448 464 3 8
440 464 4 8
445 463 3 9
470 472 3 1
469 472 4 1
468 472 5 1
464 470 3 3
458 470 5 3
461 469 3 4
457 469 4 4
458 468 3 5
455 467 3 6
449 465 3 8
468 472 3 2
465 471 3 3
462 471 4 3
456 468 3 6
450 468 4 6
444 468 5 6
447 465 3 9
434 464 4 10
463 471 3 4
457 469 3 6
451 469 4 6
445 469 5 6
445 465 3 10
464 472 3 4
460 472 4 4
458 470 3 6
455 469 3 7
448 469 4 7
474 476 3 1
468 474 3 3
456 470 3 7
449 470 4 7
472 476 3 2
469 475 3 3
454 470 3 8
448 468 3 10
476 478 3 1
475 478 4 1
458 472 3 7
455 471 3 8
447 471 4 8
477 479 3 1
476 479 4 1
475 479 5 1
471 477 3 3
462 477 6 3
468 476 3 4
464 476 4 4
465 475 3 5
456 472 3 8
448 472 4 8
440 472 5 8
475 479 3 2
472 478 3 3
469 478 4 3
463 475 3 6
451 475 5 6
454 472 3 9
451 471 3 10
461 475 3 7
454 475 4 7
447 475 5 7
471 479 3 4
465 477 3 6
462 476 3 7
455 476 4 7
448 476 5 7
481 483 3 1
475 481 3 3
469 479 3 5
456 477 4 7
449 477 5 7
482 484 3 1
477 483 4 2
476 482 3 3
450 478 5 7
461 477 3 8
449 476 4 9
455 475 3 10
483 485 3 1
482 485 4 1
470 482 4 4
465 479 3 7
458 479 4 7
462 478 3 8
454 478 4 8
484 486 3 1
483 486 4 1
482 486 5 1
475 485 6 2
475 483 3 4
471 483 4 4
472 482 3 5
469 481 3 6
463 479 3 8
455 479 4 8
447 479 5 8
457 477 3 10
447 477 4 10
482 486 3 2
479 485 3 3
476 485 4 3
470 482 3 6
464 482 4 6
458 482 5 6
461 479 3 9
458 478 3 10
474 484 3 5
471 483 3 6
465 483 4 6
468 482 3 7
461 482 4 7
484 488 3 2
472 484 3 6
469 483 3 7
462 483 4 7
448 483 6 7
488 490 3 1
467 483 3 8
489 491 3 1
488 491 4 1
486 490 3 2
484 490 4 2
483 489 3 3
471 485 3 7
450 485 6 7
468 484 3 8
462 482 3 10
490 492 3 1
489 492 4 1
477 489 4 4
469 485 3 8
461 485 4 8
491 493 3 1
490 493 4 1
489 493 5 1
488 492 3 2
485 491 3 3
482 490 3 4
478 490 4 4
479 489 3 5
470 486 3 8
462 486 4 8
467 485 3 9
477 489 3 6
471 489 4 6
468 486 3 9
465 485 3 10
455 485 4 10
475 489 3 7
468 489 4 7
461 489 5 7
491 495 3 2
479 491 3 6
476 490 3 7
462 490 5 7
470 488 3 9
495 497 3 1
489 495 3 3
468 488 3 10
496 498 3 1
493 497 3 2
491 497 4 2
489 497 5 2
490 496 3 3
478 492 3 7
471 492 4 7
475 491 3 8
467 491 4 8
469 489 3 10
497 499 3 1
496 499 4 1
495 499 5 1
488 496 3 4
485 495 3 5
479 493 3 7
472 493 4 7
476 492 3 8
468 492 4 8
495 499 3 2
489 499 6 2
492 498 3 3
489 498 4 3
483 498 6 3
489 497 3 4
485 497 4 4
486 496 3 5
476 496 5 5
483 495 3 6
477 495 4 6
471 495 5 6
465 495 6 6
477 493 3 8
469 493 4 8
474 492 3 9
465 492 4 9
471 491 3 10
493 499 3 3
484 496 3 6
478 496 4 6
475 493 3 9
472 492 3 10
462 492 4 10
491 499 3 4
485 497 3 6
482 496 3 7
475 496 4 7
468 496 5 7
486 498 3 6
483 497 3 7
476 497 4 7
477 495 3 9
468 495 4 9
502 504 3 1
496 502 3 3
484 498 3 7
481 497 3 8
475 495 3 10
465 495 4 10
455 495 5 10
503 505 3 1
502 505 4 1
485 499 3 7
478 499 4 7
471 499 5 7
482 498 3 8
474 498 4 8
476 496 3 10
504 506 3 1
502 506 5 1
501 505 3 2
495 503 3 4
491 503 4 4
492 502 3 5
483 499 3 8
475 499 4 8
502 506 3 2
499 505 3 3
496 505 4 3
490 505 6 3
493 503 3 5
490 502 3 6
484 502 4 6
472 502 6 6
481 499 3 9
491 503 3 6
485 503 4 6
488 502 3 7
479 499 3 10
495 505 3 5
492 504 3 6
489 503 3 7
482 503 4 7
475 503 5 7
468 503 6 7
493 505 3 6
490 504 3 7
483 504 4 7
476 504 5 7
484 502 3 9
475 502 4 9
509 511 3 1
503 509 3 3
497 507 3 5
491 505 3 7
482 502 3 10
510 512 3 1
509 512 4 1
507 511 3 2
501 509 3 4
492 506 3 7
489 505 3 8
483 503 3 10
510 513 4 1
509 513 5 1
505 511 3 3
502 510 3 4
498 510 4 4
499 509 3 5
490 506 3 8
482 506 4 8
509 513 3 2
506 512 3 3
503 512 4 3
497 509 3 6
491 509 4 6
485 509 5 6
479 509 6 6
461 506 6 9
485 505 3 10
475 505 4 10
510 514 3 2
498 510 3 6
492 510 4 6
486 510 5 6
505 513 3 4
499 511 3 6
493 511 4 6
496 510 3 7
489 510 4 7
482 510 5 7
475 510 6 7
502 514 4 4
497 511 3 7
490 511 4 7
483 511 5 7
476 511 6 7
516 518 3 1
510 516 3 3
498 512 3 7
484 512 5 7
477 512 6 7
495 511 3 8
489 509 3 10
479 509 4 10
469 509 5 10
517 519 3 1
516 519 4 1
496 512 3 8
493 511 3 9
484 511 4 9
475 511 5 9
518 520 3 1
517 520 4 1
516 520 5 1
505 517 4 4
506 516 3 5
497 513 3 8
489 513 4 8
516 520 3 2
513 519 3 3
510 519 4 3
504 516 3 6
498 516 4 6
492 516 5 6
486 516 6 6
495 513 3 9
486 513 4 9
477 513 5 9
492 512 3 10
482 512 4 10
472 512 5 10
462 512 6 10
505 517 3 6
502 516 3 7
495 516 4 7
512 520 3 4
506 518 3 6
503 517 3 7
496 517 4 7
504 518 3 7
497 518 4 7
490 518 5 7
523 525 3 1
517 523 3 3
505 519 3 7
502 518 3 8
496 516 3 10
486 516 4 10
476 516 5 10
524 526 3 1
523 526 4 1
506 520 3 7
499 520 4 7
485 520 6 7
478 520 7 7
471 520 8 7
503 519 3 8
495 519 4 8
525 527 3 1
524 527 4 1
523 527 5 1
516 524 3 4
512 524 4 4
513 523 3 5
504 520 3 8
496 520 4 8
488 520 5 8
492 519 4 9
523 527 3 2
520 526 3 3
517 526 4 3
511 523 3 6
505 523 4 6
502 520 3 9
493 520 4 9
484 520 5 9
475 520 6 9
469 519 6 10
512 524 3 6
506 524 4 6
509 523 3 7
502 523 4 7
495 523 5 7
519 527 3 4
510 524 3 7
503 524 4 7
529 531 3 1
523 529 3 3
511 525 3 7
504 525 4 7
530 532 3 1
527 531 3 2
524 530 3 3
512 526 3 7
505 526 4 7
509 525 3 8
503 523 3 10
483 523 5 10
531 533 3 1
530 533 4 1
510 526 3 8
532 534 3 1
531 534 4 1
530 534 5 1
523 531 3 4
519 531 4 4
520 530 3 5
511 527 3 8
503 527 4 8
495 527 5 8
530 534 3 2
527 533 3 3
524 533 4 3
518 530 3 6
512 530 4 6
506 530 5 6
509 527 3 9
506 526 3 10
496 526 4 10
519 531 3 6
513 531 4 6
516 530 3 7
509 530 4 7
526 534 3 4
520 532 3 6
517 531 3 7
510 531 4 7
503 531 5 7
530 536 3 3
518 532 3 7
511 532 4 7
504 532 5 7
537 539 3 1
532 538 4 2
531 537 3 3
519 533 3 7
512 533 4 7
516 532 3 8
510 530 3 10
538 540 3 1
537 540 4 1
520 534 3 7
506 534 5 7
517 533 3 8
539 541 3 1
538 541 4 1
530 538 3 4
526 538 4 4
527 537 3 5
518 534 3 8
510 534 4 8
502 534 5 8
537 541 3 2
534 540 3 3
531 540 4 3
525 537 3 6
513 537 5 6
516 534 3 9
513 533 3 10
526 538 3 6
520 538 4 6
533 541 3 4
527 539 3 6
524 538 3 7
543 545 3 1
525 539 3 7
518 539 4 7
522 538 3 8
544 546 3 1
538 544 3 3
526 540 3 7
523 539 3 8
517 537 3 10
545 547 3 1
544 547 4 1
536 544 3 4
527 541 3 7
520 541 4 7
524 540 3 8
516 540 4 8
546 548 3 1
545 548 4 1
544 548 5 1
537 545 3 4
533 545 4 4
534 544 3 5
525 541 3 8
517 541 4 8
544 548 3 2
541 547 3 3
538 547 4 3
532 544 3 6
526 544 4 6
520 544 5 6
523 541 3 9
520 540 3 10
510 540 4 10
533 545 3 6
527 545 4 6
530 544 3 7
523 544 4 7
516 544 5 7
540 548 3 4
534 546 3 6
531 545 3 7
524 545 4 7
517 545 5 7
510 545 6 7
532 546 3 7
525 546 4 7
533 547 3 7
530 546 3 8
524 544 3 10
552 554 3 1
534 548 3 7
553 555 3 1
552 555 4 1
544 552 3 4
540 552 4 4
532 548 3 8
524 548 4 8
516 548 5 8
554 556 3 1
530 548 3 9
527 547 3 10
517 547 4 10
540 552 3 6
534 552 4 6
541 553 3 6
538 552 3 7
557 559 3 1
554 558 3 2
539 553 3 7
532 553 4 7
558 560 3 1
553 559 4 2
552 558 3 3
540 554 3 7
533 554 4 7
526 554 5 7
537 553 3 8
559 561 3 1
558 561 4 1
547 557 3 5
541 555 3 7
538 554 3 8
530 554 4 8
560 562 3 1
559 562 4 1
558 562 5 1
548 558 3 5
539 555 3 8
531 555 4 8
558 562 3 2
555 561 3 3
552 561 4 3
546 558 3 6
540 558 4 6
537 555 3 9
534 554 3 10
524 554 4 10
547 559 3 6
563 565 3 1
554 562 3 4
548 560 3 6
545 559 3 7
531 559 5 7
555 563 3 4
546 560 3 7
565 567 3 1
559 565 3 3
547 561 3 7
544 560 3 8
538 558 3 10
566 568 3 1
557 565 3 4
554 564 3 5
548 562 3 7
541 562 4 7
534 562 5 7
527 562 6 7
545 561 3 8
567 569 3 1
566 569 4 1
565 569 5 1
558 566 3 4
554 566 4 4
555 565 3 5
546 564 4 6
546 562 3 8
538 562 4 8
530 562 5 8
565 569 3 2
562 568 3 3
559 568 4 3
553 565 3 6
547 565 4 6
541 565 5 6
547 563 3 8
544 562 3 9
554 566 3 6
548 566 4 6
561 569 3 4
555 567 3 6
552 566 3 7
545 566 4 7
565 571 3 3
553 567 3 7
546 567 4 7
532 567 6 7
572 574 3 1
566 572 3 3
554 568 3 7
547 568 4 7
545 565 3 10
573 575 3 1
572 575 4 1
555 569 3 7
552 568 3 8
544 568 4 8
574 576 3 1
573 576 4 1
572 576 5 1
565 573 3 4
561 573 4 4
562 572 3 5
559 571 3 6
553 569 3 8
545 569 4 8
537 569 5 8
572 576 3 2
569 575 3 3
566 575 4 3
548 573 6 5
560 572 3 6
554 572 4 6
548 572 5 6
548 568 3 10
538 568 4 10
570 576 3 3
561 573 3 6
558 572 3 7
568 576 3 4
562 574 3 6
559 573 3 7
552 573 4 7
560 574 3 7
553 574 4 7
546 574 5 7
557 573 3 8
579 581 3 1
573 579 3 3
561 575 3 7
554 575 4 7
547 575 5 7
558 574 3 8
546 573 4 9
552 572 3 10
580 582 3 1
579 582 4 1
562 576 3 7
548 576 5 7
559 575 3 8
581 583 3 1
580 583 4 1
579 583 5 1
572 580 3 4
568 580 4 4
569 579 3 5
560 576 3 8
552 576 4 8
544 576 5 8
579 583 3 2
576 582 3 3
573 582 4 3
570 582 5 3
567 579 3 6
555 579 5 6
558 576 3 9
555 575 3 10
545 575 4 10
580 584 3 2
568 580 3 6
562 580 4 6
565 579 3 7
558 579 4 7
575 583 3 4
569 581 3 6
566 580 3 7
559 580 4 7
552 580 5 7
576 584 3 4
567 581 3 7
568 582 3 7
561 582 4 7
554 582 5 7
547 582 6 7
540 582 7 7
533 582 8 7
565 581 3 8
559 579 3 10
569 583 3 7
562 583 4 7
566 582 3 8
558 582 4 8
588 590 3 1
579 587 3 4
576 586 3 5
567 583 3 8
559 583 4 8
586 590 3 2
580 589 4 3
568 586 4 6
562 586 5 6
565 583 3 9
547 583 5 9
562 582 3 10
552 582 4 10
582 590 3 4
576 588 3 6
592 594 3 1
574 588 3 7
567 588 4 7
560 588 5 7
593 595 3 1
575 589 3 7
568 589 4 7
554 589 6 7
547 589 7 7
572 588 3 8
594 596 3 1
593 596 4 1
576 590 3 7
569 590 4 7
573 589 3 8
565 589 4 8
595 597 3 1
594 597 4 1
593 597 5 1
589 595 3 3
586 594 3 4
583 593 3 5
574 590 3 8
566 590 4 8
558 590 5 8
571 589 3 9
593 597 3 2
590 596 3 3
584 594 3 5
572 590 3 9
569 589 3 10
559 589 4 10
582 594 3 6
576 594 4 6
579 593 3 7
589 597 3 4
583 595 3 6
599 601 3 1
596 600 3 2
581 595 3 7
574 595 4 7
575 593 3 9
572 592 3 10
600 602 3 1
595 601 4 2
594 600 3 3
582 596 3 7
575 596 4 7
568 596 5 7
540 596 9 7
576 594 3 9
573 593 3 10
601 603 3 1
600 603 4 1
583 597 3 7
576 597 4 7
580 596 3 8
572 596 4 8
602 604 3 1
601 604 4 1
593 601 3 4
589 601 4 4
590 600 3 5
581 597 3 8
573 597 4 8
565 597 5 8
600 604 3 2
597 603 3 3
594 603 4 3
588 600 3 6
582 600 4 6
576 600 5 6
579 597 3 9
589 601 3 6
583 601 4 6
586 600 3 7
590 602 3 6
576 600 4 8
588 602 3 7
581 602 4 7
607 609 3 1
601 607 3 3
589 603 3 7
582 603 4 7
575 603 5 7
568 603 6 7
580 600 3 10
608 610 3 1
607 610 4 1
602 608 3 3
590 604 3 7
609 611 3 1
608 611 4 1
607 611 5 1
606 610 3 2
600 608 3 4
596 608 4 4
597 607 3 5
594 606 3 6
588 604 3 8
580 604 4 8
572 604 5 8
607 611 3 2
604 610 3 3
601 610 4 3
595 607 3 6
583 607 5 6
586 604 3 9
583 603 3 10
573 603 4 10
596 608 3 6
590 608 4 6
593 607 3 7
584 604 3 10
603 611 3 4
597 609 3 6
594 608 3 7
613 615 3 1
610 614 3 2
607 613 3 3
595 609 3 7
588 609 4 7
581 609 5 7
574 609 6 7
567 609 7 7
560 609 8 7
614 616 3 1
608 614 3 3
596 610 3 7
589 610 4 7
593 609 3 8
615 617 3 1
614 617 4 1
606 614 3 4
603 613 3 5
597 611 3 7
594 610 3 8
616 618 3 1
615 618 4 1
614 618 5 1
610 616 3 3
607 615 3 4
603 615 4 4
604 614 3 5
601 613 3 6
595 611 3 8
614 618 3 2
611 617 3 3
608 617 4 3
608 616 3 4
602 614 3 6
590 614 5 6
593 611 3 9
590 610 3 10
580 610 4 10
606 616 3 5
603 615 3 6
597 615 4 6
600 614 3 7
616 620 3 2
610 618 3 4
606 618 4 4
604 616 3 6
601 615 3 7
595 613 3 9
620 622 3 1
605 617 3 6
602 616 3 7
595 616 4 7
581 616 6 7
574 616 7 7
567 616 8 7
560 616 9 7
621 623 3 1
618 622 3 2
616 622 4 2
615 621 3 3
603 617 3 7
596 617 4 7
600 616 3 8
594 614 3 10
622 624 3 1
621 624 4 1
613 621 3 4
609 621 4 4
604 618 3 7
597 618 4 7
590 618 5 7
576 618 7 7
623 625 3 1
622 625 4 1
621 625 5 1
614 622 3 4
610 622 4 4
611 621 3 5
608 620 3 6
602 618 3 8
594 618 4 8
586 618 5 8
596 616 3 10
621 625 3 2
618 624 3 3
615 624 4 3
609 621 3 6
597 621 5 6
600 618 3 9
597 617 3 10
619 625 3 3
608 623 4 5
610 622 3 6
604 622 4 6
607 621 3 7
600 621 4 7
593 621 5 7
617 625 3 4
613 625 4 4
614 624 3 5
611 623 3 6
608 622 3 7
601 622 4 7
594 622 5 7
609 623 3 7
606 622 3 8
628 630 3 1
622 628 3 3
610 624 3 7
603 624 4 7
596 624 5 7
607 623 3 8
601 621 3 10
629 631 3 1
628 631 4 1
611 625 3 7
604 625 4 7
590 625 6 7
548 625 12 7
608 624 3 8
600 624 4 8
630 632 3 1
629 632 4 1
628 632 5 1
621 629 3 4
617 629 4 4
618 628 3 5
609 625 3 8
601 625 4 8
593 623 4 10
628 632 3 2
625 631 3 3
622 631 4 3
616 628 3 6
610 628 4 6
604 628 5 6
607 625 3 9
604 624 3 10
594 624 4 10
611 629 4 6
614 628 3 7
607 628 4 7
593 628 6 7
624 632 3 4
618 630 3 6
615 629 3 7
608 629 4 7
634 636 3 1
628 634 3 3
625 634 4 3
616 630 3 7
635 637 3 1
629 635 3 3
617 631 3 7
610 631 4 7
614 630 3 8
636 638 3 1
635 638 4 1
634 638 5 1
624 634 3 5
618 632 3 7
611 632 4 7
615 631 3 8
607 631 4 8
612 630 3 9
637 639 3 1
636 639 4 1
635 639 5 1
634 639 6 1
634 638 3 2
632 638 4 2
628 638 6 2
625 637 5 3
628 636 3 4
624 636 4 4
625 635 3 5
622 634 3 6
616 634 4 6
616 632 3 8
608 632 4 8
610 630 3 10
638 640 3 1
637 640 4 1
635 639 3 2
632 638 3 3
629 638 4 3
623 635 3 6
611 635 5 6
614 632 3 9
611 631 3 10
630 638 3 4
624 636 3 6
618 636 4 6
621 635 3 7
614 635 4 7
640 642 3 1
631 639 3 4
625 637 3 6
622 636 3 7
615 636 4 7
608 636 5 7
601 636 6 7
616 634 3 9
641 643 3 1
638 642 3 2
635 641 3 3
623 637 3 7
616 637 4 7
602 637 6 7
595 637 7 7
574 637 10 7
567 637 11 7
560 637 12 7
620 636 3 8
642 644 3 1
639 643 3 2
636 642 3 3
624 638 3 7
617 638 4 7
610 638 5 7
589 638 8 7
582 638 9 7
621 637 3 8
615 635 3 10
643 645 3 1
642 645 4 1
641 645 5 1
634 642 3 4
630 642 4 4
625 639 3 7
622 638 3 8
614 638 4 8
644 646 3 1
643 646 4 1
642 646 5 1
641 645 3 2
635 643 3 4
631 643 4 4
632 642 3 5
629 641 3 6
623 639 3 8
615 639 4 8
607 639 5 8
620 638 3 9
611 638 4 9
642 646 3 2
636 646 6 2
639 645 3 3
636 645 4 3
630 642 3 6
624 642 4 6
618 642 5 6
621 639 3 9
618 638 3 10
608 638 4 10
637 645 3 4
634 644 3 5
631 643 3 6
625 643 4 6
628 642 3 7
621 642 4 7
614 642 5 7
607 642 6 7
638 646 3 4
635 645 3 5
632 644 3 6
629 643 3 7
622 643 4 7
648 650 3 1
642 648 3 3
636 646 3 5
630 644 3 7
623 644 4 7
595 644 8 7
574 644 11 7
649 651 3 1
631 645 3 7
624 645 4 7
617 645 5 7
610 645 6 7
589 645 9 7
628 644 3 8
625 643 3 9
622 642 3 10
650 652 3 1
649 652 4 1
632 646 3 7
625 646 4 7
618 646 5 7
629 645 3 8
621 645 4 8
651 653 3 1
650 653 4 1
642 650 3 4
638 650 4 4
636 648 3 6
630 648 4 6
630 646 3 8
622 646 4 8
614 646 5 8
624 644 3 10
649 653 3 2
637 649 3 6
628 646 3 9
625 645 3 10
615 645 4 10
624 655 32 1
638 650 3 6
632 650 4 6
635 649 3 7
651 655 3 2
649 655 4 2
637 653 5 4
639 651 3 6
636 650 3 7
629 650 4 7
655 657 3 1
649 655 3 3
637 651 3 7
630 651 4 7
623 651 5 7
595 651 9 7
634 650 3 8
618 650 5 8
618 648 4 10
656 658 3 1
650 656 3 3
647 655 3 4
638 652 3 7
624 652 5 7
617 652 6 7
635 651 3 8
629 649 3 10
657 659 3 1
656 659 4 1
645 655 3 5
618 654 7 6
639 653 3 7
632 653 4 7
618 653 6 7
636 652 3 8
628 652 4 8
630 650 3 10
658 660 3 1
657 660 4 1
656 660 5 1
655 659 3 2
653 659 4 2
651 659 5 2
652 658 3 3
649 657 3 4
646 656 3 5
637 655 4 6
637 653 3 8
629 653 4 8
621 653 5 8
625 652 4 9
656 660 3 2
654 660 4 2
653 659 3 3
650 659 4 3
650 658 3 4
644 656 3 6
638 656 4 6
635 653 3 9
632 652 3 10
622 652 4 10
651 659 3 4
647 659 4 4
645 657 3 6
639 657 4 6
635 656 4 7
618 654 5 9
659 663 5 1
655 661 3 3
649 661 5 3
652 660 3 4
649 659 3 5
646 658 3 6
643 657 3 7
636 657 4 7
628 655 4 9
659 663 3 2
656 662 3 3
653 662 4 3
644 658 3 7
637 658 4 7
630 658 5 7
623 658 6 7
595 658 10 7
567 658 14 7
560 658 15 7
635 655 3 10
663 665 3 1
662 665 4 1
660 664 3 2
656 664 5 2
657 663 3 3
651 661 3 5
645 659 3 7
638 659 4 7
617 659 7 7
642 658 3 8
634 658 4 8
636 656 3 10
664 666 3 1
663 666 4 1
662 666 5 1
661 665 3 2
655 663 3 4
651 663 4 4
652 662 3 5
646 660 3 7
639 660 4 7
632 660 5 7
611 660 8 7
643 659 3 8
635 659 4 8
665 667 3 1
664 667 4 1
663 667 5 1
660 666 4 2
656 665 4 3
653 665 5 3
650 665 6 3
656 664 3 4
652 664 4 4
653 663 3 5
644 662 4 6
644 660 3 8
636 660 4 8
628 660 5 8
620 660 6 8
663 667 3 2
661 667 4 2
659 667 5 2
660 666 3 3
657 666 4 3
654 666 5 3
657 665 3 4
651 663 3 6
645 663 4 6
639 663 5 6
642 660 3 9
652 664 3 6
646 664 4 6
630 660 4 10
659 667 3 4
655 667 4 4
653 665 3 6
650 664 3 7
644 662 3 9
635 662 4 9
669 671 3 1
657 667 3 5
652 667 4 5
651 665 3 7
644 665 4 7
630 665 6 7
623 665 7 7
595 665 11 7
645 663 3 9
632 662 4 10
670 672 3 1
669 672 4 1
666 672 7 1
667 671 3 2
664 670 3 3
652 666 3 7
645 666 4 7
638 666 5 7
646 664 3 9
628 664 5 9
643 663 3 10
671 673 3 1
670 673 4 1
669 673 5 1
668 672 3 2
662 670 3 4
659 669 3 5
653 667 3 7
646 667 4 7
639 667 5 7
632 667 6 7
650 666 3 8
642 666 4 8
634 666 5 8
644 664 3 10
672 674 3 1
671 674 4 1
670 674 5 1
666 672 3 3
663 671 3 4
659 671 4 4
651 671 6 4
660 670 3 5
645 670 6 5
651 667 3 8
643 667 4 8
635 667 5 8
645 665 3 10
670 674 3 2
667 673 3 3
664 673 4 3
661 671 3 5
658 670 3 6
652 670 4 6
646 670 5 6
655 669 3 7
649 667 3 9
646 666 3 10
636 666 4 10
659 671 3 6
653 671 4 6
656 670 3 7
666 674 3 4
660 672 3 6
657 671 3 7
650 671 4 7
643 671 5 7
636 671 6 7
629 671 7 7
654 670 3 8
676 678 3 1
674 678 5 1
667 675 3 4
661 673 3 6
655 673 4 6
649 673 5 6
658 672 3 7
651 672 4 7
644 672 5 7
630 672 7 7
567 672 16 7
560 672 17 7
655 671 3 8
677 679 3 1
676 679 4 1
672 678 4 2
671 677 3 3
668 676 3 4
659 673 3 7
652 673 4 7
645 673 5 7
656 672 3 8
653 671 3 9
644 671 4 9
650 670 3 10
678 680 3 1
677 680 4 1
676 680 5 1
669 677 3 4
660 674 3 7
653 674 4 7
646 674 5 7
639 674 6 7
632 674 7 7
657 673 3 8
654 672 3 9
645 672 4 9
679 681 3 1
678 681 4 1
677 681 5 1
676 680 3 2
670 679 4 3
667 679 5 3
670 678 3 4
666 678 4 4
667 677 3 5
658 676 4 6
658 674 3 8
650 674 4 8
634 674 6 8
655 673 3 9
652 672 3 10
680 682 3 1
679 682 4 1
677 681 3 2
674 680 3 3
671 680 4 3
665 677 3 6
659 677 4 6
653 677 5 6
659 675 3 8
656 674 3 9
653 673 3 10
643 673 4 10
681 683 3 1
672 680 3 4
666 678 3 6
660 678 4 6
663 677 3 7
656 677 4 7
673 681 3 4
670 680 3 5
667 679 3 6
661 679 4 6
664 678 3 7
657 678 4 7
650 678 5 7
658 676 3 9
649 676 4 9
683 685 3 1
681 685 5 1
671 681 3 5
665 679 3 7
658 679 4 7
651 679 5 7
644 679 6 7
630 679 8 7
560 679 18 7
662 678 3 8
684 686 3 1
683 686 4 1
681 685 3 2
678 684 3 3
666 680 3 7
652 680 5 7
645 680 6 7
610 680 11 7
663 679 3 8
657 677 3 10
685 687 3 1
684 687 4 1
683 687 5 1
680 687 8 1
680 686 4 2
666 686 11 2
672 684 4 4
673 683 3 5
667 681 3 7
664 680 3 8
656 680 4 8
661 679 3 9
686 688 3 1
685 688 4 1
684 688 5 1
683 687 3 2
681 687 4 2
677 686 4 3
674 686 5 3
677 685 3 4
673 685 4 4
669 685 5 4
674 684 3 5
671 683 3 6
659 683 5 6
665 681 3 8
657 681 4 8
653 680 4 9
649 679 4 10
684 688 3 2
680 688 5 2
681 687 3 3
678 687 4 3
672 684 3 6
669 683 3 7
655 683 5 7
666 682 3 8
650 682 5 8
663 681 3 9
660 680 3 10
650 680 4 10
679 688 4 3
679 687 3 4
673 685 3 6
670 684 3 7
663 684 4 7
656 684 5 7
661 681 3 10
686 690 3 2
684 690 4 2
680 688 3 4
677 687 3 5
674 686 3 6
671 685 3 7
664 685 4 7
657 685 5 7
636 685 8 7
622 685 10 7
665 683 3 9
690 692 3 1
689 692 4 1
687 691 3 2
681 691 6 2
666 690 9 3
677 689 4 4
678 688 3 5
673 688 4 5
672 686 3 7
658 686 5 7
651 686 6 7
644 686 7 7
669 685 3 8
661 685 4 8
663 683 3 10
691 693 3 1
688 692 3 2
686 692 4 2
685 691 3 3
679 691 5 3
673 687 3 7
666 687 4 7
652 687 6 7
645 687 7 7
589 687 15 7
670 686 3 8
664 684 3 10
692 694 3 1
691 694 4 1
689 693 3 2
686 692 3 3
668 692 9 3
683 691 3 4
679 691 4 4
670 690 5 5
677 689 3 6
674 688 3 7
667 688 4 7
660 688 5 7
653 688 6 7
646 688 7 7
604 688 13 7
671 687 3 8
663 687 4 8
655 687 5 8
693 695 3 1
692 695 4 1
691 695 5 1
690 694 3 2
684 692 3 4
680 692 4 4
681 691 3 5
676 691 4 5
666 691 6 5
672 690 4 6
666 690 5 6
668 689 4 7
672 688 3 8
664 688 4 8
669 687 3 9
642 687 6 9
666 686 3 10
691 695 3 2
688 694 3 3
685 694 4 3
679 694 6 3
677 692 4 5
679 691 3 6
673 691 4 6
667 691 5 6
676 690 3 7
670 688 3 9
661 688 4 9
643 688 6 9
667 687 3 10
657 687 4 10
666 694 8 4
683 693 3 5
680 692 3 6
674 692 4 6
677 691 3 7
670 691 4 7
663 691 5 7
696 698 3 1
687 695 3 4
679 695 5 4
684 694 3 5
681 693 3 6
678 692 3 7
671 692 4 7
691 697 3 3
679 693 3 7
672 693 4 7
658 693 6 7
651 693 7 7
630 693 10 7
560 693 20 7
676 692 3 8
673 691 3 9
698 700 3 1
692 698 3 3
686 696 3 5
680 694 3 7
673 694 4 7
666 694 5 7
645 694 8 7
677 693 3 8
671 691 3 10
699 701 3 1
698 701 4 1
697 701 5 1
696 701 6 1
693 701 9 1
696 700 3 2
694 700 4 2
693 699 3 3
687 697 3 5
667 697 7 5
681 695 3 7
674 695 4 7
667 695 5 7
660 695 6 7
653 695 7 7
646 695 8 7
678 694 3 8
670 694 4 8
662 694 5 8
675 693 3 9
700 702 3 1
699 702 4 1
698 702 5 1
696 702 7 1
693 701 5 2
694 700 3 3
691 699 3 4
687 699 4 4
688 698 3 5
685 697 3 6
682 696 3 7
679 695 3 8
671 695 4 8
663 695 5 8
676 694 3 9
667 694 4 9
673 693 3 10
698 702 3 2
696 702 4 2
694 702 5 2
695 701 3 3
692 701 4 3
689 699 3 5
686 698 3 6
680 698 4 6
674 698 5 6
669 697 5 7
680 696 3 8
656 696 6 8
677 695 3 9
674 694 3 10
664 694 4 10
696 702 3 3
693 702 4 3
687 699 3 6
681 699 4 6
684 698 3 7
677 698 4 7
670 698 5 7
663 698 6 7
656 698 7 7
681 697 3 8
678 696 3 9
694 702 3 4
691 701 3 5
688 700 3 6
685 699 3 7
678 699 4 7
671 699 5 7
704 706 3 1
695 703 3 4
691 703 4 4
686 700 3 7
679 700 4 7
683 699 3 8
677 697 3 10
705 707 3 1
704 707 4 1
703 707 5 1
702 706 3 2
699 705 3 3
696 704 3 4
688 703 4 5
687 701 3 7
680 701 4 7
673 701 5 7
684 700 3 8
681 699 3 9
678 698 3 10
706 708 3 1
705 708 4 1
704 708 5 1
703 707 3 2
693 707 8 2
700 706 3 3
694 706 5 3
693 705 4 4
694 704 3 5
688 702 3 7
681 702 4 7
674 702 5 7
685 701 3 8
677 701 4 8
669 701 5 8
679 699 3 10
707 709 3 1
706 709 4 1
705 709 5 1
701 707 3 3
698 707 4 3
695 707 5 3
698 706 3 4
694 706 4 4
695 705 3 5
686 704 4 6
680 704 5 6
686 702 3 8
678 702 4 8
670 702 5 8
683 701 3 9
708 710 3 1
705 709 3 2
703 709 4 2
702 708 3 3
699 708 4 3
699 707 3 4
695 707 4 4
691 707 5 4
687 707 6 4
696 706 3 5
686 706 5 5
693 705 3 6
687 705 4 6
681 705 5 6
679 703 4 8
671 703 5 8
655 703 7 8
684 702 3 9
681 701 3 10
671 701 4 10
661 701 5 10
706 710 3 2
694 706 3 6
688 706 4 6
691 705 3 7
684 705 4 7
677 705 5 7
670 705 6 7
663 705 7 7
656 705 8 7
688 704 3 8
685 703 3 9
707 711 3 2
701 709 3 4
695 707 3 6
692 706 3 7
685 706 4 7
686 704 3 9
708 712 3 2
706 712 4 2
702 710 3 4
699 709 3 5
694 709 4 5
696 708 3 6
693 707 3 7
686 707 4 7
679 707 5 7
672 707 6 7
630 707 12 7
560 707 22 7
684 704 3 10
674 704 4 10
712 714 3 1
706 712 3 3
694 708 3 7
687 708 4 7
673 708 6 7
691 707 3 8
683 707 4 8
688 706 3 9
685 705 3 10
713 715 3 1
712 715 4 1
711 715 5 1
710 714 3 2
707 713 3 3
700 712 4 4
701 711 3 5
695 709 3 7
688 709 4 7
681 709 5 7
692 708 3 8
684 708 4 8
676 708 5 8
686 706 3 10
714 716 3 1
713 716 4 1
712 716 5 1
705 714 4 3
705 713 3 4
701 713 4 4
702 712 3 5
697 712 4 5
687 711 5 6
693 709 3 8
685 709 4 8
677 709 5 8
687 707 3 10
677 707 4 10
715 717 3 1
712 716 3 2
710 716 4 2
709 715 3 3
706 715 4 3
703 715 5 3
700 715 6 3
706 714 3 4
702 714 4 4
700 712 3 6
694 712 4 6
688 712 5 6
682 712 6 6
694 710 3 8
686 710 4 8
678 710 5 8
691 709 3 9
673 709 5 9
688 708 3 10
678 708 4 10
710 716 3 3
707 716 4 3
701 713 3 6
695 713 4 6
698 712 3 7
691 712 4 7
684 712 5 7
677 712 6 7
670 712 7 7
663 712 8 7
656 712 9 7
692 710 3 9
717 719 3 1
716 719 4 1
708 716 3 4
705 715 3 5
702 714 3 6
696 714 4 6
699 713 3 7
718 720 3 1
715 719 3 2
712 718 3 3
709 718 4 3
706 718 5 3
703 715 3 6
700 714 3 7
693 714 4 7
691 711 3 10
719 721 3 1
718 721 4 1
716 720 3 2
713 719 3 3
710 719 4 3
707 719 5 3
706 718 4 4
707 717 3 5
701 715 3 7
694 715 4 7
698 714 3 8
695 713 3 9
692 712 3 10
720 722 3 1
719 722 4 1
718 722 5 1
717 722 6 1
717 721 3 2
715 721 4 2
711 719 3 4
707 719 4 4
708 718 3 5
702 716 3 7
695 716 4 7
688 716 5 7
674 716 7 7
660 716 9 7
699 715 3 8
691 715 4 8
721 723 3 1
720 723 4 1
719 723 5 1
715 723 9 1
718 722 3 2
716 722 4 2
712 722 6 2
715 721 3 3
712 721 4 3
709 721 5 3
712 720 3 4
708 720 4 4
709 719 3 5
706 718 3 6
700 718 4 6
694 718 5 6
700 716 3 8
692 716 4 8
684 716 5 8
697 715 3 9
688 715 4 9
684 714 4 10
722 724 3 1
721 724 4 1
719 723 3 2
717 723 4 2
716 722 3 3
713 722 4 3
707 722 6 3
710 720 3 5
700 720 5 5
707 719 3 6
701 719 4 6
695 719 5 6
704 718 3 7
698 716 3 9
695 715 3 10
685 715 4 10
714 722 3 4
711 721 3 5
706 721 4 5
708 720 3 6
702 720 4 6
705 719 3 7
698 719 4 7
691 719 5 7
684 719 6 7
677 719 7 7
670 719 8 7
663 719 9 7
656 719 10 7
686 716 4 10
724 726 3 1
719 725 4 2
715 723 3 4
709 721 3 6
703 721 4 6
706 720 3 7
699 720 4 7
692 720 5 7
685 720 6 7
678 720 7 7
671 720 8 7
664 720 9 7
636 720 13 7
608 720 17 7
700 718 3 9
725 727 3 1
724 727 4 1
722 726 3 2
720 726 4 2
719 725 3 3
716 725 4 3
713 725 5 3
716 724 3 4
713 723 3 5
708 723 4 5
707 721 3 7
700 721 4 7
693 721 5 7
686 721 6 7
672 721 8 7
630 721 14 7
704 720 3 8
698 718 3 10
726 728 3 1
725 728 4 1
717 727 6 2
720 726 3 3
717 726 4 3
717 725 3 4
713 725 4 4
714 724 3 5
711 723 3 6
708 722 3 7
701 722 4 7
694 722 5 7
687 722 6 7
673 722 8 7
705 721 3 8
697 721 4 8
702 720 3 9
699 719 3 10
727 729 3 1
726 729 4 1
724 729 6 1
718 728 6 2
715 727 5 3
718 726 3 4
714 726 4 4
715 725 3 5
709 723 3 7
702 723 4 7
695 723 5 7
688 723 6 7
674 723 8 7
646 723 12 7
706 722 3 8
698 722 4 8
703 721 3 9
694 721 4 9
685 721 5 9
700 720 3 10
726 730 5 1
722 728 3 3
719 728 4 3
719 727 3 4
715 727 4 4
716 726 3 5
711 726 4 5
713 725 3 6
701 725 5 6
695 725 6 6
707 723 3 8
699 723 4 8
691 723 5 8
704 722 3 9
695 722 4 9
701 721 3 10
726 730 3 2
720 729 4 3
717 727 3 5
712 727 4 5
714 726 3 6
708 726 4 6
702 726 5 6
708 724 3 8
705 723 3 9
696 723 4 9
702 722 3 10
692 722 4 10
682 722 5 10
718 728 3 5
713 728 4 5
715 727 3 6
709 727 4 6
703 727 5 6
712 726 3 7
705 726 4 7
698 726 5 7
691 726 6 7
703 723 3 10
731 733 3 1
726 732 4 2
722 730 3 4
716 728 3 6
713 727 3 7
706 727 4 7
699 727 5 7
707 725 3 9
698 725 4 9
732 734 3 1
714 728 3 7
707 728 4 7
711 727 3 8
705 725 3 10
733 735 3 1
732 735 4 1
727 733 3 3
712 728 3 8
706 726 3 10
686 726 5 10
734 736 3 1
733 736 4 1
732 736 5 1
717 733 5 4
722 732 3 5
717 732 4 5
710 728 3 9
692 728 5 9
735 737 3 1
734 737 4 1
733 737 5 1
732 736 3 2
726 735 4 3
722 734 4 4
723 733 3 5
720 732 3 6
714 732 4 6
708 732 5 6
717 731 3 7
710 731 4 7
698 730 5 8
734 738 5 1
733 738 6 1
733 737 3 2
730 736 3 3
727 736 4 3
727 735 3 4
721 733 3 6
715 733 4 6
709 733 5 6
718 732 3 7
712 730 3 9
709 729 3 10
734 738 3 2
722 734 3 6
716 734 4 6
710 734 5 6
719 733 3 7
712 733 4 7
705 733 5 7
738 740 3 1
735 739 3 2
720 734 3 7
713 734 4 7
706 734 5 7
685 734 8 7
739 741 3 1
733 739 3 3
721 735 3 7
714 735 4 7
707 735 5 7
700 735 6 7
693 735 7 7
686 735 8 7
560 735 26 7
718 734 3 8
712 732 3 10
740 742 3 1
739 742 4 1
737 741 3 2
735 741 4 2
733 741 5 2
731 741 6 2
734 740 3 3
731 740 4 3
722 736 3 7
719 735 3 8
711 735 4 8
716 734 3 9
713 733 3 10
741 743 3 1
740 743 4 1
739 743 5 1
738 742 3 2
735 741 3 3
732 740 3 4
728 740 4 4
720 740 6 4
719 739 5 5
720 738 4 6
723 737 3 7
720 736 3 8
712 736 4 8
717 735 3 9
742 744 3 1
741 744 4 1
740 744 5 1
737 743 4 2
733 743 6 2
736 742 3 3
733 742 4 3
733 741 3 4
729 741 4 4
730 740 3 5
727 739 3 6
715 739 5 6
721 737 3 8
718 736 3 9
709 736 4 9
715 735 3 10
705 735 4 10
685 735 6 10
743 745 3 1
742 745 4 1
741 745 5 1
740 744 3 2
734 744 6 2
737 743 3 3
734 743 4 3
734 742 3 4
728 740 3 6
722 740 4 6
716 740 5 6
710 740 6 6
725 739 3 7
719 737 3 9
710 737 4 9
692 737 6 9
716 736 3 10
706 736 4 10
744 746 3 1
741 745 3 2
735 744 4 3
732 742 3 5
727 742 4 5
726 740 3 7
719 740 4 7
712 740 5 7
705 740 6 7
698 740 7 7
691 740 8 7
684 740 9 7
677 740 10 7
663 740 12 7
656 740 13 7
715 739 4 8
717 737 3 10
743 747 5 1
739 747 9 1
732 747 16 1
715 747 33 1
742 746 3 2
740 746 4 2
733 745 5 3
736 744 3 4
732 744 4 4
733 743 3 5
718 743 6 5
730 742 3 6
727 741 3 7
720 741 4 7
713 741 5 7
724 740 3 8
708 740 5 8
718 738 3 10
708 738 4 10
746 748 3 1
743 748 6 1
739 748 10 1
743 747 3 2
741 747 4 2
737 747 6 2
733 747 8 2
740 746 3 3
737 746 4 3
734 746 5 3
737 745 3 4
733 745 4 4
734 744 3 5
728 742 3 7
721 742 4 7
714 742 5 7
707 742 6 7
700 742 7 7
686 742 9 7
560 742 27 7
725 741 3 8
722 740 3 9
713 740 4 9
747 749 3 1
746 749 4 1
732 749 18 1
744 748 3 2
742 748 4 2
740 748 5 2
741 747 3 3
735 745 3 5
732 744 3 6
722 743 4 7
715 743 5 7
708 743 6 7
726 742 3 8
718 742 4 8
710 742 5 8
720 740 3 10
748 750 3 1
747 750 4 1
746 750 5 1
745 749 3 2
743 749 4 2
733 749 9 2
715 749 18 2
742 748 3 3
733 748 6 3
739 747 3 4
735 747 4 4
736 746 3 5
726 746 5 5
723 744 4 7
716 744 5 7
688 744 9 7
727 743 3 8
719 743 4 8
711 743 5 8
724 742 3 9
715 742 4 9
749 751 3 1
748 751 4 1
747 751 5 1
746 751 6 1
746 750 3 2
744 750 4 2
742 750 5 2
740 750 6 2
743 749 3 3
740 749 4 3
734 749 6 3
740 748 3 4
736 748 4 4
732 748 5 4
737 747 3 5
732 747 4 5
727 747 5 5
722 747 6 5
734 746 3 6
728 746 4 6
722 746 5 6
716 746 6 6
728 744 3 8
720 744 4 8
712 744 5 8
725 743 3 9
716 743 4 9
722 742 3 10
712 742 4 10
747 751 3 2
744 750 3 3
741 750 4 3
737 749 4 4
738 748 3 5
733 748 4 5
735 747 3 6
729 747 4 6
723 747 5 6
732 746 3 7
725 746 4 7
718 746 5 7
697 746 8 7
726 744 3 9
717 744 4 9
708 744 5 9
723 743 3 10
713 743 4 10
742 750 3 4
739 749 3 5
734 749 4 5
719 749 7 5
736 748 3 6
730 748 4 6
733 747 3 7
726 747 4 7
719 747 5 7
712 747 6 7
705 747 7 7
698 747 8 7
691 747 9 7
684 747 10 7
677 747 11 7
718 745 4 9
709 745 5 9
724 744 3 10
745 753 5 2
716 752 13 3
743 751 3 4
735 751 5 4
740 750 3 5
735 750 4 5
737 749 3 6
734 748 3 7
727 748 4 7
720 748 5 7
713 748 6 7
706 748 7 7
685 748 10 7
664 748 13 7
731 747 3 8
728 746 3 9
719 746 4 9
747 753 3 3
741 751 3 5
736 751 4 5
726 751 6 5
738 750 3 6
735 749 3 7
728 749 4 7
721 749 5 7
714 749 6 7
707 749 7 7
700 749 8 7
686 749 10 7
560 749 28 7
732 748 3 8
726 746 3 10
716 746 4 10
706 746 5 10
748 754 3 3
742 754 5 3
733 754 8 3
737 753 5 4
717 753 10 4
742 752 3 5
717 752 8 5
736 750 3 7
733 749 3 8
725 749 4 8
717 749 5 8
727 747 3 10
717 747 4 10
707 747 5 10
746 754 3 4
742 754 4 4
737 751 3 7
734 750 3 8
726 750 4 8
731 749 3 9
728 748 3 10
718 748 4 10
756 758 3 1
744 754 3 5
735 753 4 6
717 753 7 6
717 752 6 7
735 751 3 8
727 751 4 8
719 751 5 8
732 750 3 9
719 749 4 10
757 759 3 1
756 759 4 1
754 758 3 2
751 757 3 3
742 754 3 6
736 754 4 6
732 753 4 7
725 753 5 7
718 753 6 7
733 751 3 9
758 760 3 1
757 760 4 1
756 760 5 1
755 760 6 1
755 759 3 2
740 754 3 7
733 754 4 7
719 754 6 7
705 754 8 7
691 754 10 7
737 753 3 8
759 761 3 1
758 761 4 1
757 761 5 1
756 761 6 1
756 760 3 2
754 760 4 2
750 758 3 4
744 756 3 6
738 756 4 6
738 754 3 8
708 753 6 9
757 761 3 2
755 761 4 2
754 760 3 3
748 760 5 3
721 756 6 7
700 756 9 7
723 753 4 10
755 761 3 3
749 759 3 5
743 757 3 7
736 757 4 7
734 754 3 10
724 754 4 10
762 764 3 1
753 761 3 4
744 758 3 7
741 757 3 8
733 757 4 8
725 757 5 8
717 757 6 8
738 756 3 9
760 764 3 2
764 766 3 1
763 766 4 1
762 766 5 1
761 766 6 1
760 766 7 1
758 764 3 3
755 764 4 3
743 759 3 8
740 758 3 9
737 757 3 10
727 757 4 10
765 767 3 1
764 767 4 1
763 767 5 1
762 767 6 1
761 767 7 1
758 767 10 1
755 767 13 1
762 766 3 2
758 766 5 2
756 766 6 2
756 764 3 4
741 759 3 9
766 768 3 1
765 768 4 1
764 768 5 1
760 766 3 3
757 766 4 3
757 765 3 4
754 764 3 5
749 764 4 5
744 764 5 5
742 760 3 9
733 760 4 9
719 759 5 10
767 769 3 1
766 769 4 1
765 769 5 1
764 769 6 1
764 768 3 2
762 768 4 2
758 768 6 2
756 768 7 2
761 767 3 3
758 767 4 3
755 767 5 3
758 766 3 4
755 765 3 5
740 760 3 10
768 770 3 1
767 770 4 1
766 770 5 1
765 769 3 2
762 768 3 3
759 767 3 4
756 766 3 5
750 764 3 7
743 764 4 7
736 764 5 7
741 761 3 10
769 771 3 1
768 771 4 1
766 770 3 2
764 770 4 2
763 769 3 3
760 769 4 3
760 768 3 4
756 768 4 4
754 766 3 6
748 766 4 6
748 764 3 8
740 764 4 8
770 772 3 1
769 772 4 1
768 772 5 1
767 772 6 1
766 772 7 1
767 771 3 2
765 771 4 2
764 770 3 3
761 770 4 3
758 770 5 3
761 769 3 4
757 769 4 4
758 768 3 5
749 765 3 8
741 765 4 8
733 765 5 8
771 773 3 1
770 773 4 1
768 773 6 1
767 773 7 1
765 773 9 1
763 773 11 1
761 773 13 1
768 772 3 2
766 772 4 2
764 772 5 2
765 771 3 3
759 769 3 5
750 766 3 8
747 765 3 9
744 764 3 10
734 764 4 10
772 774 3 1
771 774 4 1
770 774 5 1
768 774 7 1
767 774 8 1
765 774 10 1
763 774 12 1
769 773 3 2
767 773 4 2
765 773 5 2
766 772 3 3
763 771 3 4
760 770 3 5
754 768 3 7
747 768 4 7
740 768 5 7
751 767 3 8
748 766 3 9
739 766 4 9
773 775 3 1
772 775 4 1
771 775 5 1
770 775 6 1
768 775 8 1
767 775 9 1
765 775 11 1
770 774 3 2
768 774 4 2
766 774 5 2
764 774 6 2
767 773 3 3
764 773 4 3
764 772 3 4
760 772 4 4
756 772 5 4
761 771 3 5
756 771 4 5
758 770 3 6
755 769 3 7
749 767 3 9
740 767 4 9
726 766 5 10
774 776 3 1
773 776 4 1
772 776 5 1
771 776 6 1
771 775 3 2
769 775 4 2
767 775 5 2
765 775 6 2
768 774 3 3
765 774 4 3
765 773 3 4
761 773 4 4
757 773 5 4
759 771 3 6
750 768 3 9
747 767 3 10
737 767 4 10
727 767 5 10
775 777 3 1
774 777 4 1
773 777 5 1
772 777 6 1
771 777 7 1
768 777 10 1
767 777 11 1
765 777 13 1
758 777 20 1
772 776 3 2
768 776 5 2
769 775 3 3
766 775 4 3
766 774 3 4
763 773 3 5
760 772 3 6
757 771 3 7
748 768 3 10
776 778 3 1
775 778 4 1
773 778 6 1
772 778 7 1
771 778 8 1
767 778 12 1
765 778 14 1
755 778 24 1
773 777 3 2
771 777 4 2
769 777 5 2
767 777 6 2
765 777 7 2
770 776 3 3
767 776 4 3
761 776 6 3
767 775 3 4
764 774 3 5
759 774 4 5
744 774 7 5
761 773 3 6
755 773 4 6
758 772 3 7
751 772 4 7
737 772 6 7
749 769 3 10
777 779 3 1
774 778 3 2
772 778 4 2
768 778 6 2
771 777 3 3
768 777 4 3
765 777 5 3
768 776 3 4
764 776 4 4
760 776 5 4
765 775 3 5
760 775 4 5
759 773 3 7
756 772 3 8
740 772 5 8
724 772 7 8
753 771 3 9
778 780 3 1
777 780 4 1
775 779 3 2
771 779 5 2
772 778 3 3
769 778 4 3
766 778 5 3
769 777 3 4
765 777 4 4
761 777 5 4
757 777 6 4
766 776 3 5
761 776 4 5
763 775 3 6
760 774 3 7
757 773 3 8
749 773 4 8
733 773 6 8
725 773 7 8
751 771 3 10
741 771 4 10
779 781 3 1
778 781 4 1
774 780 4 2
772 780 5 2
773 779 3 3
770 778 3 4
766 778 4 4
767 777 3 5
761 775 3 7
754 775 4 7
747 775 5 7
758 774 3 8
750 774 4 8
755 773 3 9
780 782 3 1
779 782 4 1
778 782 5 1
777 782 6 1
777 781 3 2
775 781 4 2
765 781 9 2
774 780 3 3
771 780 4 3
768 780 5 3
765 780 6 3
771 779 3 4
767 779 4 4
768 778 3 5
763 778 4 5
765 777 3 6
759 777 4 6
762 776 3 7
759 775 3 8
751 775 4 8
756 774 3 9
747 774 4 9
778 782 3 2
775 781 3 3
772 781 4 3
766 781 6 3
772 780 3 4
768 780 4 4
760 780 6 4
769 779 3 5
764 779 4 5
759 779 5 5
744 779 8 5
766 778 3 6
760 778 4 6
754 778 5 6
748 778 6 6
736 778 8 6
763 777 3 7
756 777 4 7
757 775 3 9
748 775 4 9
754 774 3 10
744 774 4 10
734 774 5 10
782 784 3 1
773 781 3 4
770 780 3 5
767 779 3 6
761 779 4 6
764 778 3 7
757 778 4 7
750 778 5 7
743 778 6 7
736 778 7 7
761 777 3 8
753 777 4 8
758 776 3 9
755 775 3 10
782 785 4 1
781 785 5 1
777 785 9 1
780 784 3 2
778 784 4 2
774 782 3 4
766 782 5 4
771 781 3 5
766 781 4 5
761 781 5 5
768 780 3 6
765 779 3 7
758 779 4 7
751 779 5 7
762 778 3 8
759 777 3 9
756 776 3 10
784 786 3 1
778 784 3 3
775 783 3 4
769 781 3 6
766 780 3 7
759 780 4 7
763 779 3 8
760 778 3 9
757 777 3 10
747 777 4 10
785 787 3 1
784 787 4 1
782 786 3 2
779 785 3 3
773 783 3 5
768 783 4 5
770 782 3 6
767 781 3 7
760 781 4 7
764 780 3 8
758 778 3 10
748 778 4 10
786 788 3 1
785 788 4 1
784 788 5 1
783 787 3 2
781 787 4 2
775 787 7 2
780 786 3 3
777 785 3 4
773 785 4 4
757 785 8 4
774 784 3 5
759 784 6 5
744 784 9 5
768 782 3 7
761 782 4 7
765 781 3 8
757 781 4 8
749 781 5 8
759 779 3 10
787 789 3 1
786 789 4 1
785 789 5 1
784 789 6 1
782 789 8 1
784 788 3 2
782 788 4 2
780 788 5 2
778 788 6 2
772 788 9 2
781 787 3 3
778 787 4 3
775 787 5 3
772 787 6 3
766 787 8 3
778 786 3 4
774 786 4 4
775 785 3 5
770 785 4 5
765 785 5 5
772 784 3 6
766 784 4 6
760 784 5 6
748 784 7 6
766 782 3 8
758 782 4 8
750 782 5 8
726 782 8 8
760 780 3 10
788 790 3 1
785 789 3 2
782 788 3 3
779 788 4 3
773 788 6 3
779 787 3 4
776 786 3 5
766 786 5 5
773 785 3 6
767 785 4 6
761 785 5 6
759 783 4 8
743 783 6 8
764 782 3 9
755 782 4 9
761 781 3 10
751 781 4 10
780 788 3 4
777 787 3 5
772 787 4 5
774 786 3 6
768 786 4 6
771 785 3 7
764 785 4 7
757 785 5 7
743 785 7 7
765 783 3 9
790 792 3 1
781 789 3 4
775 787 3 6
772 786 3 7
765 786 4 7
758 786 5 7
761 785 4 8
766 784 3 9
791 793 3 1
773 787 3 7
766 787 4 7
759 787 5 7
770 786 3 8
758 785 4 9
764 784 3 10
792 794 3 1
791 794 4 1
790 794 5 1
789 793 3 2
787 793 4 2
785 793 5 2
786 792 3 3
783 791 3 4
775 791 5 4
775 790 4 5
774 788 3 7
767 788 4 7
760 788 5 7
771 787 3 8
768 786 3 9
759 786 4 9
750 786 5 9
765 785 3 10
755 785 4 10
793 795 3 1
792 795 4 1
790 794 3 2
784 792 3 4
780 792 4 4
772 792 6 4
775 789 3 7
768 789 4 7
761 789 5 7
754 789 6 7
772 788 3 8
764 788 4 8
756 788 5 8
740 788 7 8
769 787 3 9
760 787 4 9
794 796 3 1
793 796 4 1
792 796 5 1
791 796 6 1
791 795 3 2
789 795 4 2
787 795 5 2
785 795 6 2
788 794 3 3
785 794 4 3
779 794 6 3
785 793 3 4
781 793 4 4
782 792 3 5
777 792 4 5
772 792 5 5
767 792 6 5
779 791 3 6
773 789 3 8
765 789 4 8
757 789 5 8
749 789 6 8
767 787 3 10
757 787 4 10
727 787 7 10
795 797 3 1
794 797 4 1
793 797 5 1
792 796 3 2
789 795 3 3
786 795 4 3
783 793 3 5
780 792 3 6
774 792 4 6
768 792 5 6
771 789 3 9
768 788 3 10
758 788 4 10
748 788 5 10
728 788 7 10
796 798 3 1
795 798 4 1
794 798 5 1
793 798 6 1
793 797 3 2
791 797 4 2
790 796 3 3
784 796 5 3
787 795 3 4
784 794 3 5
781 793 3 6
775 793 4 6
778 792 3 7
771 792 4 7
764 792 5 7
757 792 6 7
775 791 3 8
759 791 5 8
769 789 3 10
797 799 3 1
796 799 4 1
795 799 5 1
794 799 6 1
793 799 7 1
791 799 9 1
794 798 3 2
792 798 4 2
791 797 3 3
788 797 4 3
785 797 5 3
788 796 3 4
784 796 4 4
780 796 5 4
782 794 3 6
779 793 3 7
772 793 4 7
765 793 5 7
758 793 6 7
776 792 3 8
768 792 4 8
798 800 3 1
797 800 4 1
795 799 3 2
793 799 4 2
792 798 3 3
780 794 3 7
773 794 4 7
766 794 5 7
759 794 6 7
777 793 3 8
761 793 5 8
761 791 4 10
799 801 3 1
798 801 4 1
797 801 5 1
796 801 6 1
795 801 7 1
794 801 8 1
788 801 14 1
796 800 3 2
794 800 4 2
792 800 5 2
790 800 6 2
793 799 3 3
790 799 4 3
787 797 3 5
782 797 4 5
777 797 5 5
767 797 7 5
778 796 4 6
766 796 6 6
781 795 3 7
774 795 4 7
767 795 5 7
760 795 6 7
778 794 3 8
770 794 4 8
775 793 3 9
766 793 4 9
757 793 5 9
772 792 3 10
762 792 4 10
800 802 3 1
799 802 4 1
798 802 5 1
797 802 6 1
796 802 7 1
795 802 8 1
794 802 9 1
797 801 3 2
795 801 4 2
793 801 5 2
789 801 7 2
785 801 9 2
794 800 3 3
791 799 3 4
787 799 4 4
788 798 3 5
785 797 3 6
779 797 4 6
767 797 6 6
782 796 3 7
775 796 4 7
768 796 5 7
761 796 6 7
779 795 3 8
771 795 4 8
776 794 3 9
758 794 5 9
773 793 3 10
801 803 3 1
800 803 4 1
799 803 5 1
798 803 6 1
797 803 7 1
796 803 8 1
798 802 3 2
796 802 4 2
795 801 3 3
792 801 4 3
789 801 5 3
786 801 6 3
792 800 3 4
788 800 4 4
784 800 5 4
780 800 6 4
789 799 3 5
784 799 4 5
779 799 5 5
774 799 6 5
786 798 3 6
780 798 4 6
783 797 3 7
780 796 3 8
772 796 4 8
764 796 5 8
764 794 4 10
734 794 7 10
800 804 5 1
799 804 6 1
798 804 7 1
797 804 8 1
799 803 3 2
797 803 4 2
795 803 5 2
796 802 3 3
793 801 3 4
789 801 4 4
781 801 6 4
787 799 3 6
781 799 4 6
775 799 5 6
769 799 6 6
784 798 3 7
781 797 3 8
773 797 4 8
778 796 3 9
769 796 4 9
760 796 5 9
775 795 3 10
765 795 4 10
755 795 5 10
803 805 3 1
799 805 7 1
798 805 8 1
797 805 9 1
800 804 3 2
798 804 4 2
797 803 3 3
794 803 4 3
791 801 3 5
786 801 4 5
781 801 5 5
788 800 3 6
782 800 4 6
785 799 3 7
778 799 4 7
771 799 5 7
764 799 6 7
757 799 7 7
779 797 3 9
804 806 3 1
803 806 4 1
799 806 8 1
797 806 10 1
796 806 11 1
801 805 3 2
799 805 4 2
797 805 5 2
798 804 3 3
795 803 3 4
789 801 3 6
786 800 3 7
779 800 4 7
772 800 5 7
765 800 6 7
758 800 7 7
805 807 3 1
804 807 4 1
803 807 5 1
799 807 9 1
797 807 11 1
796 807 12 1
795 807 13 1
802 806 3 2
800 806 4 2
798 806 5 2
796 806 6 2
792 806 8 2
799 805 3 3
796 805 4 3
793 805 5 3
796 804 3 4
792 804 4 4
787 801 3 7
780 801 4 7
773 801 5 7
766 801 6 7
759 801 7 7
784 800 3 8
776 800 4 8
768 800 5 8
760 800 6 8
778 798 3 10
806 808 3 1
805 808 4 1
803 807 3 2
801 807 4 2
799 807 5 2
797 807 6 2
795 807 7 2
800 806 3 3
797 806 4 3
794 806 5 3
797 805 3 4
793 805 4 4
794 804 3 5
789 804 4 5
784 804 5 5
788 802 3 7
774 802 5 7
785 801 3 8
782 800 3 9
779 799 3 10
807 809 3 1
806 809 4 1
805 809 5 1
804 808 3 2
800 808 5 2
801 807 3 3
798 807 4 3
795 807 5 3
792 807 6 3
789 807 7 3
786 807 8 3
798 806 3 4
794 806 4 4
795 805 3 5
792 804 3 6
789 803 3 7
775 803 5 7
808 810 3 1
807 810 4 1
806 810 5 1
803 810 8 1
805 809 3 2
797 809 7 2
793 809 9 2
789 809 11 2
796 808 5 3
799 807 3 4
795 807 4 4
791 807 5 4
796 806 3 5
791 806 4 5
786 806 5 5
781 806 6 5
793 805 3 6
783 804 4 7
787 803 3 8
781 801 3 10
809 811 3 1
806 810 3 2
803 809 3 3
794 809 6 3
796 808 4 4
792 808 5 4
788 808 6 4
784 808 7 4
797 807 3 5
792 807 4 5
794 806 3 6
788 806 4 6
782 806 5 6
776 806 6 6
791 805 3 7
784 805 4 7
788 804 3 8
785 803 3 9
782 802 3 10
810 812 3 1
809 812 4 1
807 811 3 2
797 811 8 2
793 811 10 2
801 809 3 4
793 809 5 4
798 808 3 5
795 807 3 6
789 807 4 6
792 806 3 7
785 806 4 7
778 806 5 7
771 806 6 7
757 806 8 7
736 806 11 7
789 805 3 8
786 804 3 9
811 813 3 1
808 812 3 2
802 810 3 4
796 808 3 6
793 807 3 7
786 807 4 7
779 807 5 7
772 807 6 7
765 807 7 7
758 807 8 7
787 805 3 9
769 805 5 9
784 804 3 10
764 804 5 10
812 814 3 1
806 812 3 3
799 811 4 4
800 810 3 5
794 808 3 7
787 808 4 7
780 808 5 7
773 808 6 7
766 808 7 7
759 808 8 7
791 807 3 8
788 806 3 9
779 806 4 9
785 805 3 10
813 815 3 1
812 815 4 1
810 814 3 2
806 814 5 2
807 813 3 3
795 809 3 7
788 809 4 7
792 808 3 8
784 808 4 8
789 807 3 9
780 807 4 9
786 806 3 10
814 816 3 1
813 816 4 1
809 815 4 2
805 813 3 4
793 811 4 6
796 810 3 7
793 809 3 8
785 809 4 8
761 809 7 8
787 807 3 10
777 807 4 10
757 807 6 10
815 817 3 1
814 817 4 1
813 817 5 1
812 816 3 2
810 816 4 2
809 815 3 3
806 814 3 4
802 814 4 4
800 812 3 6
797 811 3 7
794 810 3 8
788 808 3 10
778 808 4 10
816 818 3 1
813 817 3 2
810 816 3 3
807 816 4 3
798 816 7 3
795 816 8 3
794 814 5 5
801 813 3 6
795 813 4 6
789 813 5 6
792 810 3 9
789 809 3 10
779 809 4 10
769 809 5 10
814 818 3 2
808 816 3 4
799 813 3 7
792 813 4 7
785 813 5 7
778 813 6 7
771 813 7 7
757 813 9 7
812 820 9 1
796 820 25 1
815 819 3 2
813 819 4 2
791 818 10 3
809 817 3 4
805 817 4 4
793 817 7 4
796 816 5 5
791 816 6 5
785 815 6 6
779 815 7 6
800 814 3 7
793 814 4 7
786 814 5 7
779 814 6 7
758 814 9 7
794 812 3 9
785 812 4 9
781 811 4 10
819 821 3 1
804 820 9 2
790 820 16 2
810 819 4 3
798 819 8 3
810 818 3 4
807 817 3 5
782 817 8 5
777 817 9 5
801 815 3 7
794 815 4 7
787 815 5 7
780 815 6 7
798 814 3 8
782 814 5 8
820 822 3 1
819 822 4 1
815 821 4 2
814 820 3 3
781 820 14 3
775 820 16 3
793 818 6 5
805 817 3 6
763 817 10 6
802 816 3 7
799 815 3 8
783 815 5 8
775 815 6 8
796 814 3 9
760 814 7 9
793 813 3 10
783 813 4 10
821 823 3 1
820 823 4 1
815 821 3 3
792 820 8 4
809 819 3 5
794 819 6 5
796 817 4 7
800 816 3 8
792 816 4 8
784 816 5 8
822 824 3 1
821 824 4 1
820 824 5 1
810 822 5 3
813 821 3 4
809 821 4 4
805 821 5 4
810 820 3 5
800 820 5 5
807 819 3 6
783 818 6 7
801 817 3 8
793 817 4 8
785 817 5 8
761 817 8 8
798 816 3 9
795 815 3 10
785 815 4 10
823 825 3 1
822 825 4 1
820 824 3 2
817 823 3 3
814 823 4 3
814 822 3 4
810 822 4 4
808 820 3 6
802 820 4 6
791 819 5 7
784 819 6 7
777 819 7 7
802 818 3 8
799 817 3 9
790 817 4 9
796 816 3 10
786 816 4 10
821 825 3 2
819 825 4 2
815 823 3 4
812 822 3 5
807 822 4 5
809 821 3 6
806 820 3 7
799 820 4 7
792 820 5 7
785 820 6 7
778 820 7 7
771 820 8 7
800 818 3 9
782 818 5 9
797 817 3 10
787 817 4 10
822 826 3 2
820 826 4 2
816 824 3 4
810 822 3 6
798 822 5 6
807 821 3 7
800 821 4 7
793 821 5 7
786 821 6 7
779 821 7 7
758 821 10 7
783 819 5 9
808 822 3 7
801 822 4 7
794 822 5 7
787 822 6 7
780 822 7 7
766 822 9 7
805 821 3 8
793 820 4 9
766 820 7 9
799 819 3 10
827 829 3 1
826 829 4 1
821 827 3 3
814 826 4 4
809 823 3 7
802 823 4 7
795 823 5 7
806 822 3 8
798 822 4 8
800 820 3 10
790 820 4 10
780 820 5 10
828 830 3 1
827 830 4 1
822 828 3 3
819 827 3 4
813 825 3 6
810 824 3 7
807 823 3 8
799 823 4 8
801 821 3 10
829 831 3 1
828 831 4 1
827 831 5 1
823 829 3 3
820 828 3 4
816 828 4 4
817 827 3 5
807 827 5 5
814 826 3 6
808 826 4 6
808 824 3 8
800 824 4 8
792 824 5 8
805 823 3 9
796 823 4 9
830 832 3 1
829 832 4 1
827 831 3 2
824 830 3 3
821 830 4 3
815 827 3 6
809 827 4 6
793 825 5 8
806 824 3 9
831 833 3 1
825 831 3 3
822 831 4 3
822 830 3 4
819 829 3 5
816 828 3 6
810 828 4 6
813 827 3 7
806 827 4 7
792 827 6 7
785 827 7 7
778 827 8 7
757 827 11 7
807 825 3 9
832 834 3 1
831 834 4 1
826 832 3 3
823 831 3 4
819 831 4 4
817 829 3 6
814 828 3 7
800 828 5 7
793 828 6 7
786 828 7 7
808 826 3 9
833 835 3 1
832 835 4 1
831 835 5 1
830 835 6 1
829 835 7 1
828 835 8 1
830 834 3 2
827 833 3 3
815 829 3 7
808 829 4 7
801 829 5 7
806 826 3 10
834 836 3 1
833 836 4 1
832 836 5 1
831 835 3 2
828 834 3 3
821 833 4 4
816 830 3 7
809 830 4 7
813 829 3 8
805 829 4 8
810 828 3 9
807 827 3 10
835 837 3 1
834 837 4 1
833 837 5 1
832 837 6 1
831 837 7 1
830 837 8 1
829 837 9 1
827 837 11 1
832 836 3 2
830 836 4 2
829 835 3 3
826 835 4 3
823 833 3 5
817 831 3 7
810 831 4 7
814 830 3 8
806 830 4 8
811 829 3 9
836 838 3 1
835 838 4 1
834 838 5 1
833 838 6 1
832 838 7 1
833 837 3 2
831 837 4 2
829 837 5 2
827 837 6 2
830 836 3 3
827 836 4 3
827 835 3 4
823 835 4 4
824 834 3 5
815 831 3 8
807 831 4 8
799 831 5 8
812 830 3 9
837 839 3 1
836 839 4 1
835 839 5 1
834 838 3 2
831 837 3 3
828 837 4 3
822 834 3 6
816 834 4 6
813 831 3 9
810 830 3 10
800 830 4 10
838 840 3 1
835 839 3 2
832 838 3 3
829 837 3 4
826 836 3 5
820 834 3 7
811 831 3 10
839 841 3 1
838 841 4 1
837 841 5 1
836 841 6 1
832 841 10 1
836 840 3 2
832 840 5 2
833 839 3 3
830 839 4 3
827 839 5 3
830 838 3 4
827 837 3 5
824 836 3 6
839 842 4 1
838 842 5 1
837 842 6 1
832 842 11 1
831 842 12 1
830 842 13 1
829 842 14 1
827 842 16 1
821 842 22 1
812 842 31 1
837 841 3 2
835 841 4 2
833 841 5 2
831 841 6 2
829 841 7 2
834 840 3 3
831 840 4 3
828 840 5 3
825 840 6 3
798 840 15 3
789 840 18 3
831 839 3 4
828 838 3 5
793 838 10 5
768 838 15 5
783 837 10 6
822 836 3 7
815 836 4 7
794 836 7 7
787 836 8 7
813 833 3 10
783 833 6 10
841 843 3 1
829 843 15 1
838 842 3 2
832 842 6 2
804 842 20 2
835 841 3 3
832 841 4 3
829 841 5 3
832 840 3 4
792 840 13 4
788 840 14 4
829 839 3 5
824 839 4 5
794 839 10 5
789 839 11 5
826 838 3 6
823 837 3 7
816 837 4 7
809 837 5 7
820 836 3 8
817 835 3 9
790 835 6 9
794 834 5 10
842 844 3 1
836 842 3 3
833 842 4 3
791 842 18 3
788 842 19 3
833 841 3 4
829 841 4 4
793 841 13 4
789 841 14 4
830 840 3 5
800 840 9 5
790 840 11 5
824 838 3 7
817 838 4 7
810 838 5 7
796 838 7 7
768 838 11 7
821 837 3 8
813 837 4 8
782 836 7 9
773 836 8 9
843 845 3 1
837 843 3 3
834 843 4 3
834 842 3 4
830 842 4 4
831 841 3 5
826 841 4 5
825 839 3 7
822 838 3 8
814 838 4 8
806 838 5 8
782 838 8 8
774 838 9 8
783 837 7 9
774 837 8 9
844 846 3 1
843 846 4 1
841 845 3 2
838 844 3 3
835 843 3 4
832 842 3 5
807 842 8 5
829 841 3 6
823 841 4 6
817 841 5 6
826 840 3 7
791 840 8 7
823 839 3 8
799 839 6 8
783 839 8 8
775 839 9 8
820 838 3 9
817 837 3 10
807 837 4 10
845 847 3 1
836 845 4 3
833 843 3 5
830 842 3 6
824 842 4 6
782 842 11 6
827 841 3 7
820 841 4 7
792 841 8 7
824 840 3 8
800 840 6 8
821 839 3 9
808 838 4 10
846 848 3 1
837 845 3 4
831 843 3 6
828 842 3 7
821 842 4 7
793 842 8 7
825 841 3 8
822 840 3 9
804 840 5 9
795 840 6 9
819 839 3 10
847 849 3 1
844 848 3 2
829 843 3 7
822 843 4 7
815 843 5 7
794 843 8 7
823 841 3 9
814 841 4 9
800 840 5 10
790 840 6 10
848 850 3 1
845 849 3 2
842 848 3 3
827 843 3 8
824 842 3 9
815 842 4 9
821 841 3 10
849 851 3 1
848 851 4 1
847 851 5 1
846 851 6 1
846 850 3 2
844 850 4 2
843 849 3 3
840 848 3 4
831 845 3 7
824 845 4 7
817 845 5 7
810 845 6 7
828 844 3 8
822 842 3 10
850 852 3 1
849 852 4 1
848 852 5 1
847 852 6 1
847 851 3 2
845 851 4 2
841 851 6 2
844 850 3 3
835 850 6 3
841 849 3 4
837 849 4 4
838 848 3 5
829 847 4 6
829 845 3 8
821 845 4 8
813 845 5 8
826 844 3 9
817 844 4 9
823 843 3 10
813 843 4 10
851 853 3 1
850 853 4 1
849 853 5 1
848 852 3 2
845 851 3 3
836 848 3 6
830 848 4 6
833 847 3 7
830 846 3 8
827 845 3 9
824 844 3 10
852 854 3 1
849 853 3 2
846 852 3 3
843 852 4 3
837 849 3 6
831 849 4 6
834 848 3 7
850 854 3 2
848 854 4 2
844 852 3 4
840 852 4 4
841 851 3 5
836 851 4 5
831 851 5 5
838 850 3 6
835 849 3 7
832 848 3 8
826 846 3 10
854 856 3 1
853 856 4 1
850 856 7 1
849 856 8 1
851 855 3 2
849 855 4 2
848 854 3 3
845 853 3 4
841 853 4 4
837 853 5 4
833 853 6 4
836 850 3 7
829 850 4 7
833 849 3 8
830 848 3 9
855 857 3 1
854 857 4 1
853 857 5 1
850 857 8 1
849 857 9 1
848 857 10 1
847 857 11 1
852 856 3 2
850 856 4 2
848 856 5 2
849 855 3 3
846 855 4 3
843 855 5 3
843 853 3 5
838 853 4 5
837 851 3 7
830 851 4 7
823 851 5 7
816 851 6 7
809 851 7 7
834 850 3 8
831 849 3 9
828 848 3 10
856 858 3 1
855 858 4 1
854 858 5 1
851 857 4 2
849 857 5 2
847 857 6 2
845 857 7 2
850 856 3 3
847 856 4 3
844 856 5 3
847 855 3 4
843 855 4 4
844 854 3 5
838 852 3 7
831 852 4 7
824 852 5 7
832 850 3 9
857 859 3 1
856 859 4 1
855 859 5 1
854 859 6 1
853 859 7 1
850 859 10 1
854 858 3 2
850 858 5 2
848 858 6 2
846 858 7 2
851 857 3 3
848 857 4 3
845 857 5 3
848 856 3 4
844 856 4 4
836 856 6 4
845 855 3 5
840 855 4 5
835 855 5 5
842 854 3 6
836 852 3 8
828 852 4 8
820 852 5 8
830 850 3 10
858 860 3 1
857 860 4 1
855 859 3 2
851 859 5 2
852 858 3 3
849 858 4 3
849 857 3 4
845 857 4 4
846 856 3 5
831 856 6 5
843 855 3 6
837 855 4 6
831 855 5 6
840 854 3 7
831 851 3 10
821 851 4 10
859 861 3 1
853 861 9 1
854 860 4 2
853 859 3 3
850 859 4 3
847 859 5 3
850 858 3 4
846 858 4 4
847 857 3 5
844 856 3 6
838 856 4 6
841 855 3 7
860 862 3 1
859 862 4 1
857 861 3 2
851 859 3 4
847 859 4 4
848 858 3 5
845 857 3 6
842 856 3 7
836 854 3 9
861 863 3 1
858 862 3 2
852 860 3 4
849 859 3 5
846 858 3 6
843 857 3 7
836 857 4 7
829 857 5 7
840 856 3 8
837 855 3 9
862 864 3 1
861 864 4 1
859 863 3 2
857 863 4 2
856 862 3 3
849 861 4 4
841 861 6 4
850 860 3 5
844 858 3 7
837 858 4 7
830 858 5 7
841 857 3 8
863 865 3 1
862 865 4 1
861 865 5 1
860 865 6 1
860 864 3 2
854 864 6 2
857 863 3 3
854 862 3 4
850 862 4 4
851 861 3 5
845 859 3 7
838 859 4 7
831 859 5 7
824 859 6 7
842 858 3 8
834 858 4 8
839 857 3 9
864 866 3 1
863 866 4 1
862 866 5 1
861 866 6 1
861 865 3 2
857 865 5 2
855 865 6 2
849 865 9 2
847 865 10 2
858 864 3 3
855 864 4 3
852 864 5 3
849 864 6 3
855 863 3 4
851 863 4 4
847 863 5 4
843 863 6 4
852 862 3 5
847 862 4 5
849 861 3 6
843 861 4 6
846 860 3 7
843 859 3 8
835 859 4 8
840 858 3 9
865 867 3 1
863 867 5 1
862 867 6 1
861 867 7 1
862 866 3 2
860 866 4 2
859 865 3 3
856 865 4 3
850 865 6 3
856 864 3 4
852 864 4 4
853 863 3 5
848 863 4 5
850 862 3 6
844 862 4 6
838 862 5 6
844 860 3 8
836 860 4 8
841 859 3 9
832 859 4 9
838 858 3 10
828 858 4 10
863 867 3 2
860 866 3 3
857 866 4 3
857 865 3 4
849 865 5 4
854 864 3 5
849 864 4 5
844 864 5 5
851 863 3 6
845 863 4 6
848 862 3 7
841 862 4 7
834 862 5 7
867 869 3 1
866 869 4 1
864 868 3 2
861 867 3 3
858 866 3 4
855 865 3 5
850 865 4 5
852 864 3 6
849 863 3 7
835 863 5 7
843 861 3 9
868 870 3 1
867 870 4 1
865 870 6 1
865 869 3 2
863 869 4 2
861 869 5 2
862 868 3 3
859 868 4 3
856 868 5 3
850 868 7 3
859 867 3 4
855 867 4 4
856 866 3 5
851 866 4 5
853 865 3 6
850 864 3 7
843 864 4 7
847 863 3 8
839 863 4 8
844 862 3 9
841 861 3 10
869 871 3 1
868 871 4 1
867 871 5 1
866 870 3 2
864 870 4 2
862 870 5 2
863 869 3 3
860 868 3 4
854 866 3 6
851 865 3 7
844 865 4 7
837 865 5 7
830 865 6 7
823 865 7 7
848 864 3 8
840 864 4 8
842 862 3 10
870 872 3 1
869 872 4 1
868 872 5 1
867 872 6 1
867 871 3 2
865 871 4 2
863 871 5 2
861 871 6 2
864 870 3 3
861 870 4 3
858 870 5 3
855 870 6 3
861 869 3 4
857 869 4 4
858 868 3 5
853 868 4 5
848 868 5 5
855 867 3 6
849 867 4 6
852 866 3 7
845 866 4 7
838 866 5 7
849 865 3 8
841 865 4 8
846 864 3 9
837 864 4 9
843 863 3 10
833 863 4 10
871 873 3 1
870 873 4 1
869 873 5 1
868 873 6 1
868 872 3 2
866 872 4 2
864 872 5 2
862 872 6 2
865 871 3 3
862 871 4 3
856 871 6 3
862 870 3 4
858 870 4 4
850 870 6 4
859 869 3 5
854 869 4 5
849 869 5 5
844 869 6 5
856 868 3 6
850 868 4 6
844 868 5 6
853 867 3 7
850 866 3 8
842 866 4 8
847 865 3 9
829 865 5 9
820 865 6 9
844 864 3 10
872 874 3 1
870 874 5 1
869 873 3 2
867 873 4 2
866 872 3 3
863 872 4 3
863 871 3 4
859 871 4 4
855 871 5 4
851 871 6 4
860 870 3 5
855 870 4 5
850 870 5 5
845 870 6 5
857 869 3 6
851 869 4 6
845 869 5 6
854 868 3 7
851 867 3 8
843 867 4 8
848 866 3 9
830 866 5 9
845 865 3 10
835 865 4 10
873 875 3 1
872 875 4 1
869 875 7 1
868 875 8 1
862 875 14 1
849 875 27 1
870 874 3 2
868 874 4 2
866 874 5 2
864 874 6 2
867 873 3 3
864 873 4 3
858 873 6 3
864 872 3 4
856 872 5 4
856 871 4 5
851 871 5 5
846 871 6 5
858 870 3 6
852 870 4 6
855 869 3 7
848 869 4 7
849 867 3 9
846 866 3 10
873 876 4 1
869 875 4 2
867 875 5 2
868 874 3 3
865 873 3 4
857 873 5 4
859 871 3 6
853 871 4 6
856 870 3 7
849 870 4 7
853 869 3 8
850 868 3 9
875 877 3 1
870 876 4 2
869 875 3 3
866 874 3 4
862 874 4 4
858 874 5 4
863 873 3 5
858 873 4 5
860 872 3 6
857 871 3 7
850 871 4 7
843 871 5 7
822 871 8 7
815 871 9 7
854 870 3 8
851 869 3 9
848 868 3 10
876 878 3 1
875 878 4 1
873 878 6 1
872 878 7 1
869 878 10 1
868 878 11 1
862 878 17 1
845 878 34 1
873 877 3 2
869 877 5 2
863 877 8 2
857 877 11 2
849 877 15 2
870 876 3 3
867 876 4 3
864 876 5 3
858 876 7 3
867 875 3 4
863 875 4 4
859 875 5 4
851 875 7 4
847 875 8 4
864 874 3 5
859 874 4 5
854 874 5 5
849 874 6 5
861 873 3 6
858 872 3 7
851 872 4 7
844 872 5 7
837 872 6 7
830 872 7 7
823 872 8 7
816 872 9 7
809 872 10 7
855 871 3 8
847 871 4 8
831 871 6 8
852 870 3 9
843 870 4 9
849 869 3 10
829 869 5 10
877 879 3 1
876 879 4 1
875 879 5 1
821 879 59 1
796 879 84 1
874 878 3 2
870 878 5 2
790 878 45 2
871 877 3 3
868 877 4 3
865 877 5 3
862 877 6 3
850 877 10 3
847 877 11 3
781 877 33 3
775 877 35 3
868 876 3 4
864 876 4 4
865 875 3 5
860 875 4 5
855 875 5 5
850 875 6 5
840 875 8 5
862 874 3 6
850 874 5 6
859 873 3 7
852 873 4 7
845 873 5 7
838 873 6 7
831 873 7 7
824 873 8 7
817 873 9 7
810 873 10 7
856 872 3 8
848 872 4 8
832 872 6 8
824 872 7 8
784 872 12 8
853 871 3 9
830 870 5 10
780 870 10 10
878 880 3 1
877 880 4 1
876 880 5 1
875 879 3 2
873 879 4 2
869 879 6 2
869 878 4 3
866 878 5 3
863 878 6 3
851 878 10 3
848 878 11 3
791 878 30 3
869 877 3 4
865 877 4 4
857 877 6 4
849 877 8 4
837 877 11 4
866 876 3 5
856 876 5 5
851 876 6 5
826 876 11 5
791 876 18 5
863 875 3 6
857 875 4 6
851 875 5 6
845 875 6 6
839 875 7 6
860 874 3 7
853 874 4 7
832 874 7 7
783 874 14 7
857 873 3 8
849 873 4 8
841 873 5 8
785 873 12 8
761 873 15 8
854 872 3 9
845 872 4 9
836 872 5 9
851 871 3 10
841 871 4 10
781 871 10 10
876 880 3 2
873 879 3 3
870 879 4 3
867 879 5 3
870 878 3 4
866 878 4 4
862 878 5 4
858 878 6 4
850 878 8 4
846 878 9 4
867 877 3 5
862 877 4 5
857 877 5 5
852 877 6 5
847 877 7 5
782 877 20 5
777 877 21 5
864 876 3 6
858 876 4 6
852 876 5 6
840 876 7 6
834 876 8 6
861 875 3 7
854 875 4 7
847 875 5 7
840 875 6 7
784 875 14 7
777 875 15 7
858 874 3 8
850 874 4 8
855 873 3 9
846 873 4 9
837 873 5 9
852 872 3 10
842 872 4 10
871 879 3 4
868 878 3 5
863 878 4 5
858 878 5 5
853 878 6 5
848 878 7 5
793 878 18 5
865 877 3 6
859 877 4 6
853 877 5 6
847 877 6 6
841 877 7 6
763 877 20 6
862 876 3 7
855 876 4 7
848 876 5 7
841 876 6 7
785 876 14 7
778 876 15 7
859 875 3 8
856 874 3 9
847 874 4 9
829 874 6 9
766 874 13 9
853 873 3 10
843 873 4 10
872 880 3 4
859 879 5 5
794 879 18 5
866 878 3 6
860 878 4 6
863 877 3 7
856 877 4 7
849 877 5 7
828 877 8 7
793 877 13 7
860 876 3 8
857 875 3 9
848 875 4 9
830 875 6 9
867 879 3 6
864 878 3 7
857 878 4 7
850 878 5 7
843 878 6 7
787 878 14 7
780 878 15 7
861 877 3 8
853 877 4 8
845 877 5 8
829 877 7 8
858 876 3 9
849 876 4 9
831 876 6 9
855 875 3 10
845 875 4 10
883 885 3 1
877 883 3 3
865 879 3 7
858 879 4 7
851 879 5 7
844 879 6 7
837 879 7 7
862 878 3 8
854 878 4 8
830 878 7 8
782 878 13 8
859 877 3 9
850 877 4 9
841 877 5 9
832 877 6 9
760 877 14 9
856 876 3 10
846 876 4 10
884 886 3 1
883 886 4 1
882 886 5 1
871 883 4 4
872 882 3 5
866 880 3 7
859 880 4 7
852 880 5 7
845 880 6 7
863 879 3 8
855 879 4 8
847 879 5 8
783 879 13 8
775 879 14 8
860 878 3 9
857 877 3 10
837 877 5 10
885 887 3 1
884 887 4 1
883 887 5 1
882 886 3 2
880 886 4 2
878 886 5 2
879 885 3 3
876 885 4 3
867 885 7 3
876 884 3 4
872 884 4 4
873 883 3 5
858 883 6 5
870 882 3 6
858 882 5 6
867 881 3 7
864 880 3 8
856 880 4 8
848 880 5 8
861 879 3 9
852 879 4 9
858 878 3 10
848 878 4 10
838 878 5 10
883 887 3 2
877 887 6 2
880 886 3 3
877 886 4 3
859 884 6 5
871 883 3 6
865 883 4 6
859 883 5 6
862 880 3 9
859 879 3 10
849 879 4 10
878 886 3 4
865 885 5 5
872 884 3 6
866 884 4 6
869 883 3 7
862 883 4 7
848 883 6 7
885 890 6 1
883 889 4 2
879 887 3 4
873 885 3 6
867 885 4 6
870 884 3 7
856 884 5 7
883 889 3 3
877 889 5 3
857 887 7 5
871 885 3 7
868 884 3 8
862 882 3 10
890 892 3 1
884 890 3 3
872 886 3 7
865 886 4 7
869 885 3 8
866 884 3 9
863 883 3 10
891 893 3 1
879 889 3 5
870 886 3 8
862 886 4 8
854 886 5 8
864 884 3 10
892 894 3 1
891 894 4 1
890 894 5 1
889 894 6 1
889 893 3 2
883 892 4 3
877 892 6 3
883 891 3 4
879 891 4 4
880 890 3 5
865 890 6 5
871 889 4 6
865 889 5 6
859 889 6 6
871 887 3 8
855 887 5 8
868 886 3 9
850 886 5 9
841 886 6 9
865 885 3 10
855 885 4 10
887 893 3 3
878 893 6 3
866 891 6 5
878 890 3 6
866 890 5 6
872 888 3 8
869 887 3 9
866 886 3 10
856 886 4 10
885 893 3 4
879 891 3 6
873 891 4 6
867 887 3 10
895 897 3 1
893 897 5 1
890 896 4 2
886 894 3 4
878 894 5 4
880 892 3 6
877 891 3 7
870 891 4 7
856 891 6 7
871 889 3 9
862 889 4 9
896 898 3 1
878 892 3 7
857 892 6 7
850 892 7 7
843 892 8 7
875 891 3 8
869 889 3 10
897 899 3 1
891 897 3 3
879 893 3 7
872 893 4 7
865 893 5 7
858 893 6 7
876 892 3 8
898 900 3 1
897 900 4 1
895 899 3 2
891 899 5 2
889 897 3 4
885 897 4 4
886 896 3 5
880 894 3 7
873 894 4 7
859 894 6 7
852 894 7 7
877 893 3 8
869 893 4 8
861 893 5 8
856 892 5 9
899 901 3 1
898 901 4 1
897 901 5 1
896 900 3 2
893 899 3 3
890 899 4 3
886 898 4 4
887 897 3 5
866 896 6 6
878 894 3 8
870 894 4 8
862 894 5 8
854 894 6 8
875 893 3 9
857 893 5 9
862 892 4 10
852 892 5 10
900 902 3 1
897 902 6 1
897 901 3 2
894 900 3 3
891 900 4 3
883 898 4 5
885 897 3 6
879 897 4 6
876 894 3 9
873 893 3 10
863 893 4 10
889 899 3 5
886 898 3 6
880 898 4 6
893 901 3 4
887 899 3 6
884 898 3 7
877 898 4 7
870 898 5 7
849 898 8 7
894 902 3 4
888 900 3 6
885 899 3 7
878 899 4 7
904 906 3 1
903 906 4 1
902 906 5 1
898 904 3 3
895 903 3 4
887 903 5 4
892 902 3 5
886 900 3 7
872 900 5 7
865 900 6 7
883 899 3 8
871 898 4 9
877 897 3 10
857 897 5 10
905 907 3 1
904 907 4 1
903 907 5 1
902 906 3 2
900 906 4 2
899 905 3 3
896 905 4 3
893 905 5 3
896 904 3 4
892 904 4 4
893 903 3 5
887 901 3 7
880 901 4 7
873 901 5 7
859 901 7 7
852 901 8 7
884 900 3 8
876 900 4 8
868 900 5 8
906 908 3 1
905 908 4 1
904 908 5 1
903 908 6 1
897 907 6 2
897 906 4 3
891 906 6 3
897 905 3 4
893 905 4 4
889 905 5 4
885 905 6 4
894 904 3 5
879 904 6 5
891 903 3 6
879 903 5 6
873 903 6 6
867 903 7 6
885 901 3 8
877 901 4 8
861 901 6 8
882 900 3 9
873 900 4 9
855 900 6 9
859 899 5 10
849 899 6 10
904 908 3 2
902 908 4 2
901 907 3 3
898 907 4 3
895 905 3 5
892 904 3 6
886 904 4 6
880 904 5 6
889 903 3 7
886 902 3 8
883 901 3 9
880 900 3 10
899 908 4 3
893 905 3 6
887 905 4 6
883 904 4 7
879 903 4 8
857 902 6 9
900 908 3 4
894 906 3 6
891 905 3 7
884 905 4 7
870 905 6 7
885 903 3 9
867 903 5 9
910 912 3 1
904 910 3 3
901 910 4 3
857 906 8 7
850 906 9 7
889 905 3 8
877 904 4 9
883 903 3 10
863 903 5 10
911 913 3 1
904 912 5 2
905 911 3 3
893 907 3 7
886 907 4 7
872 907 6 7
865 907 7 7
851 907 9 7
887 905 3 9
884 904 3 10
912 914 3 1
911 914 4 1
910 914 5 1
903 911 3 4
899 911 4 4
900 910 3 5
894 908 3 7
887 908 4 7
880 908 5 7
873 908 6 7
891 907 3 8
883 907 4 8
875 907 5 8
865 905 5 10
913 915 3 1
912 915 4 1
911 915 5 1
904 913 4 3
904 912 3 4
900 912 4 4
896 912 5 4
892 912 6 4
901 911 3 5
896 911 4 5
886 911 6 5
898 910 3 6
886 910 5 6
892 908 3 8
884 908 4 8
876 908 5 8
889 907 3 9
886 906 3 10
876 906 4 10
856 906 6 10
911 915 3 2
908 914 3 3
905 914 4 3
902 912 3 5
899 911 3 6
893 911 4 6
887 911 5 6
881 911 6 6
896 910 3 7
854 910 9 7
890 908 3 9
863 908 6 9
887 907 3 10
877 907 4 10
909 915 3 3
900 912 3 6
894 912 4 6
897 911 3 7
883 911 5 7
862 911 8 7
907 915 3 4
901 913 3 6
898 912 3 7
891 912 4 7
849 912 10 7
828 912 13 7
883 910 4 9
902 914 3 6
899 913 3 7
850 913 10 7
896 912 3 8
870 910 5 10
918 920 3 1
912 918 3 3
900 914 3 7
893 914 4 7
886 914 5 7
872 914 7 7
865 914 8 7
851 914 10 7
897 913 3 8
891 911 3 10
919 921 3 1
918 921 4 1
917 921 5 1
906 918 4 4
907 917 3 5
901 915 3 7
894 915 4 7
898 914 3 8
890 914 4 8
920 922 3 1
919 922 4 1
918 922 5 1
911 920 4 3
907 919 4 4
908 918 3 5
905 917 3 6
899 915 3 8
891 915 4 8
883 915 5 8
896 914 3 9
883 913 4 10
918 922 3 2
912 921 4 3
906 918 3 6
900 918 4 6
894 918 5 6
897 915 3 9
894 914 3 10
884 914 4 10
864 914 6 10
922 924 3 1
913 921 3 4
907 919 3 6
901 919 4 6
904 918 3 7
897 918 4 7
862 918 9 7
848 918 11 7
920 924 3 2
914 922 3 4
908 920 3 6
905 919 3 7
898 919 4 7
891 919 5 7
849 919 11 7
899 917 3 9
918 924 3 3
906 920 3 7
899 920 4 7
850 920 11 7
903 919 3 8
897 917 3 10
925 927 3 1
919 925 3 3
907 921 3 7
900 921 4 7
893 921 5 7
886 921 6 7
872 921 8 7
844 921 12 7
904 920 3 8
896 920 4 8
901 919 3 9
898 918 3 10
926 928 3 1
925 928 4 1
914 924 3 5
908 922 3 7
901 922 4 7
894 922 5 7
887 922 6 7
845 922 12 7
905 921 3 8
897 921 4 8
889 921 5 8
927 929 3 1
926 929 4 1
925 929 5 1
918 926 3 4
914 926 4 4
915 925 3 5
900 924 5 6
906 922 3 8
898 922 4 8
903 921 3 9
885 921 5 9
900 920 3 10
925 929 3 2
922 928 3 3
919 928 4 3
913 925 3 6
907 925 4 6
901 925 5 6
896 924 5 7
847 924 12 7
907 923 3 8
904 922 3 9
901 921 3 10
891 921 4 10
914 926 3 6
908 926 4 6
911 925 3 7
904 925 4 7
897 925 5 7
862 925 10 7
921 929 3 4
913 927 3 7
904 924 3 10
932 934 3 1
926 932 3 3
914 928 3 7
900 928 5 7
911 927 3 8
932 935 4 1
915 929 3 7
912 928 3 8
904 928 4 8
932 936 5 1
925 933 3 4
921 933 4 4
922 932 3 5
913 929 3 8
897 929 5 8
923 937 15 1
926 935 4 3
920 932 3 6
914 932 4 6
911 929 3 9
908 928 3 10
898 928 4 10
921 933 3 6
918 932 3 7
922 934 3 6
912 933 4 7
913 934 4 7
939 941 3 1
895 941 47 1
933 939 3 3
924 939 6 3
918 934 3 8
912 932 3 10
923 941 10 2
925 940 6 3
922 936 3 7
915 936 4 7
919 935 3 8
941 943 3 1
940 943 4 1
928 940 4 4
929 939 3 5
924 939 4 5
912 936 4 8
939 943 3 2
936 942 3 3
933 942 4 3
925 940 4 5
927 939 3 6
918 936 3 9
915 935 3 10
926 941 4 5
928 940 3 6
922 940 4 6
925 939 3 7
918 939 4 7
911 939 5 7
904 939 6 7
935 943 3 4
929 941 3 6
926 940 3 7
912 940 5 7
928 944 5 4
927 941 3 7
913 941 5 7
946 948 3 1
940 946 3 3
928 942 3 7
925 941 3 8
919 939 3 10
946 949 4 1
926 942 3 8
918 942 4 8
923 941 3 9
948 950 3 1
946 950 5 1
939 947 3 4
935 947 4 4
936 946 3 5
919 943 4 8
943 949 3 3
940 949 4 3
934 946 3 6
928 946 4 6
925 943 3 9
922 942 3 10
912 942 4 10
947 951 3 2
942 950 3 4
935 951 5 4
939 949 3 5
936 948 3 6
935 947 3 6
932 946 3 7
925 946 4 7
918 946 5 7
911 946 6 7
904 946 7 7
933 947 3 7
934 948 3 7
927 948 4 7
913 948 6 7
935 949 3 7
928 949 4 7
936 950 3 7
915 950 6 7
932 948 3 8
925 949 4 8
932 950 3 9
926 944 3 9
926 946 3 10
929 949 3 10
919 949 4 10
